AFF
35.11303030541576
55.92949672532111
0.3347826159518698
4.400000095367432
3.1981072329270837
38.31113753834288
139.0264974019702
52.41935483870967
122.1393231544575
0.6620762711864406
0.45555555555555555
1.428591590756874

AFF
36.14523454384409
71.19745973359349
0.4052631729527524
4.400000095367432
3.2671194182129963
39.41235396205709
104.74915428635765
55.2
115.19497713837384
0.6595982142857143
0.48197278911564634
1.2604732199759816

AFF
48.30018021690014
90.95524947074142
0.32444444762335883
4.699999809265137
3.2458067421273684
51.54598695902755
106.77948273225849
61.71428571428571
142.69451246339787
0.6763059701492538
0.4990646258503402
1.191593054366241

AFF
36.296626104642144
63.29999871253969
0.20000000614108462
3.3000001907348633
3.1473304624475125
39.44395656708964
151.31723668009977
55.4140127388535
138.67462004969784
0.6383928571428571
0.3866137566137566
1.4145387629415909

AFF













AFF













AFF
33.32404979051518
53.72028240574441
0.17678571811744145
4.400000095367432
3.150298355971574
36.47434814648676
170.5866072027116
56.17283950617284
148.81519356779353
0.6769366197183099
0.4492063492063493
1.407985615792453

AFF













AFF
33.61659605518081
63.025406735804815
0.13968254460228813
3.3000001907348633
3.118159659293582
36.73475571447437
151.34254919354876
53.987730061349694
153.55772635122307
0.6675
0.4306926406926406
1.2988556758841492

AFF













AFF
36.38989779794391
71.79633843085105
0.21029412571121664
3.3000001907348633
3.1850641595652167
39.57496195750915
148.28359562522354
56.666666666666664
146.33551418724574
0.6009615384615384
0.32423280423280426
1.3576170350755012

AFF
33.83604124243745
55.908603202497495
0.15714286054883683
2.200000047683716
3.1181007486861305
36.954141991123585
174.36651517461112
55.42168674698795
170.81512375847288
0.7423986486486487
0.46005291005291016
1.0810352733282826

AFF
33.25713577761679
61.418556740684
0.25882353969648775
3.3000001907348633
3.1694864443842388
36.42662222200104
152.8435066989711
55.769230769230774
142.50620150881818
0.6657608695652174
0.4817195767195767
1.576757019729075

AFF













AFF
41.8952553104347
69.30000267326832
0.40704225990134224
4.699999809265137
3.317016667498978
45.21227197793369
158.8311631028619
61.61137440758294
185.67026990025136
0.7091049382716049
0.4751537351537351
1.1924416534478424

AFF













AFF
35.72603080586565
62.159525773277004
0.07971014665520709
2.200000047683716
3.0675973231422913
38.79362812900794
171.54191586547222
54.23728813559322
162.6842493293655
0.6574074074074074
0.3783597883597884
0.8834708241766902

AFF
38.56777424898426
61.804415723328205
0.6611111263434092
4.699999809265137
3.422197106357917
41.98997135534221
176.44490841335184
61.42131979695431
172.53029786811754
0.6883223684210527
0.45405483405483404
1.4270965596871596

AFF
33.9335767010035
60.30055195242271
0.22000000660236066
3.3000001907348633
3.168631547517493
37.10220824852099
157.27912481733946
53.896103896103895
146.4688401040484
0.6575704225352113
0.4298941798941799
1.3001110213337346

AFF
39.945022277363066
66.51954770412294
0.26666667425271234
3.3000001907348633
3.1918184408555743
43.13684071821863
165.41506748023858
58.46153846153847
177.62275351906666
0.6998456790123457
0.37703703703703706
1.249907751757504

AFF
35.75479701971403
66.70332305499028
0.37029703890923227
4.400000095367432
3.304440152402652
39.059237172116646
151.03789581002604
57.77777777777777
163.7147014050693
0.6546052631578947
0.5212698412698413
1.2434179411034003

AFF













AFF













AFF
33.212837275409385
49.64142352009164
0.21607143325465067
2.200000047683716
3.1604541809714894
36.37329145638089
218.44201760028315
59.27835051546392
181.0651185170201
0.7349683544303798
0.3852380952380952
1.0785488173753646

AFF
34.09475366938578
49.73642904098215
0.340476203532446
3.3000001907348633
3.2056235899762147
37.300377259362
188.3909095548916
52.77777777777778
144.43877691295756
0.6746323529411765
0.43015873015873024
1.2175443709203408

AFF













AFF
37.65119326501847
61.24244259311804
0.18333333730697632
2.200000047683716
3.105434206627147
40.75662747164561
158.23728675747535
55.487804878048784
147.43603764014694
0.6532534246575342
0.3336507936507936
1.39988532489544

AFF
34.721339176781896
65.18904648478019
0.36000001213767313
3.3000001907348633
3.241961652163385
37.9633008289453
128.74006406463903
56.73758865248227
128.39769315008311
0.6659836065573771
0.5208730158730159
1.115149800756185

AFF
37.80471634908098
71.88027421060235
0.6117647213094375
4.699999809265137
3.36399035802896
41.16870670710992
168.62285674478753
60.273972602739725
192.44407808571077
0.6630747126436781
0.370978835978836
1.353138083749521

AFF
34.48276972411882
57.47002701104076
0.1795918406272421
2.200000047683716
3.147770231470525
37.63053995558937
138.36182902984015
52.71317829457365
117.89981038679072
0.632172131147541
0.5752380952380952
1.309057751816801

ANF
31.212376611389118
55.819681295651485
2.100000021786525
4.400000095367432
4.306719494728426
35.51909610611757
226.4485877586587
8.235294117647058
87.08267500463984
0.25721153846153844
1.0
0.5662209919920882

ANF
36.213041723809305
65.45442572745719
2.2684931820386076
5.699999809265137
4.460337590229367
40.6733793140387
231.20518845979927
31.03448275862069
101.08647602998568
0.2921875
0.9866666666666667
0.5740270155254895

ANF
28.09810568790478
47.8551741250113
2.1656250413507223
4.5
4.425892074266767
32.5239977621716
305.8530422530957
10.75268817204301
125.75002291270633
0.3441265060240964
1.0
0.6250911990564033

ANF
30.48560928470666
48.40480167167236
2.4488889031940038
5.699999809265137
4.35896167792151
34.844570962628175
249.30137312348995
8.0
82.4728969430065
0.2807971014492754
1.0
0.6215464093796979

ANF
32.69061277004707
56.338707309382634
2.5010416977262744
5.699999809265137
4.689224456266936
37.37983722631406
310.41644842453405
23.577235772357724
121.16621100374861
0.28125
1.0
0.5176748963008533

ANF
29.433872573834208
46.17901522239651
1.9807017957955075
3.5999999046325684
4.283203283235461
33.71707585706969
273.32867257115254
18.681318681318682
98.90479511226299
0.31925675675675674
1.0
0.6160952808620227

ANF
35.82004953515211
52.33571278988383
2.0739130533259846
4.699999809265137
4.1593995386746645
39.979449073826764
219.3131805307789
19.54022988505747
95.92898909198998
0.33035714285714285
1.0
0.5897649858307121

ANF
34.27586145361227
58.24655515859977
2.1358490732480897
4.5
4.253287837086719
38.529149290699
218.34639737964264
20.0
103.57323509819427
0.32730263157894735
1.0
0.5802791178270309

ANF
31.55852862539599
53.33600798998707
2.065217427585436
3.5999999046325684
4.075561643961416
35.634090269357415
201.56238286976506
9.722222222222223
74.01005059686398
0.2865384615384615
1.0
0.5180462806678878

ANF
30.483574199494033
48.39192388098768
2.219718337059021
4.400000095367432
4.414958662906377
34.89853286240045
281.04893043928803
15.053763440860216
113.64532880669363
0.3291139240506329
1.0
0.7006187978258341

ANF
30.89059079268019
50.124726472632304
1.9055555760860443
3.5999999046325684
4.1080751398418505
34.99866593252203
195.45723718074717
9.230769230769232
71.7631029573397
0.298728813559322
1.0
0.6311266746479898

ANF
33.71930191086599
52.44073158802971
2.17105265667564
4.400000095367432
4.290236062883845
38.00953797374986
199.50350463630284
12.676056338028168
72.06511848745373
0.2701612903225806
1.0
0.6215401529618404

ANF













ANF
29.59767714555799
45.61977892790053
2.1000000316163767
4.400000095367432
4.207901821200353
33.80557896675834
256.03636147235466
17.647058823529413
100.26399034198506
0.34017857142857144
1.0
0.5793516760443249

ANF
29.081459475745707
45.441521830615265
1.9561403864308406
3.5999999046325684
4.175419496648257
33.25687897239398
272.13526639525566
6.25
91.68607794849959
0.3
1.0
0.6003301395924382

ANF
30.09020339731977
48.078988276879784
1.9931034897935802
3.5999999046325684
4.22175627889774
34.31195967621754
259.99765965242324
11.11111111111111
97.02677610693993
0.3203125
1.0
0.5484192008429192

ANF
28.66859174477732
48.70996392480514
1.9914894053276548
3.5999999046325684
4.219835363779175
32.88842710855651
219.1897895567773
9.722222222222223
90.43759701386053
0.33076923076923076
1.0
0.6042847652123856

ANF
32.761370519264034
53.389516746971466
2.4241379437775445
4.699999809265137
4.5491049169990525
37.310475436263104
243.8351346834917
20.652173913043477
97.42233730218152
0.2962328767123288
1.0
0.6552531923361302

ANF
30.45737295205764
52.28526240177576
2.1978723799928708
4.400000095367432
4.393539141084539
34.85091209314219
214.41296087145633
20.930232558139537
106.01313497154652
0.359375
1.0
0.5558058163003424

ANF
34.759904907879694
68.61376387501696
2.4138889047834606
5.699999809265137
4.502818245177011
39.26272315305672
204.36290118236505
20.43010752688172
91.94918189039132
0.27871621621621623
1.0
0.4884598958185442

ANF
32.69184252501563
62.38843900751722
1.931764742907356
4.5
4.264802743748677
36.95664526876432
244.1130435949625
22.807017543859647
115.09799592229744
0.3153409090909091
0.9925925925925926
0.529287806968204

ANF
30.751096470458275
47.25153548220134
2.218867965464322
4.400000095367432
4.353872420791233
35.10496889124953
232.93454200039096
15.18987341772152
94.89899440802338
0.32649253731343286
1.0
0.6371476948548425

ANF
33.84487991421928
56.71917468720588
1.9086956951929175
3.5999999046325684
4.188543068073708
38.03342298229303
185.47929471203642
17.94871794871795
65.39121623757006
0.25
0.9851851851851853
0.660016203306594

ANF
29.720861096107456
45.4248029662962
2.1952381417864846
4.400000095367432
4.327510254081157
34.048371350188646
262.83176274819
15.909090909090908
98.91027074233237
0.31165540540540543
1.0
0.5497998973727599

ANF
31.236970941291048
56.06214010883726
2.250000050193385
4.5
4.52519509308502
35.76216603437611
272.60046983538257
16.831683168316832
108.42587549334405
0.2849702380952381
1.0
0.5767410087751732

ANF
32.84788893352854
50.76618569141445
2.1450980667974435
3.5999999046325684
4.296043865558866
37.14393279908742
258.44565350624754
7.6923076923076925
100.0754126131442
0.3272569444444444
1.0
0.5451255252941114

ANF
41.90255707683102
88.92967131142663
2.2275591150043517
4.5
4.657544769355121
46.56010184618618
222.17329940868464
42.168674698795186
130.51736834746885
0.294921875
0.9656060606060606
0.637552007189961

ANF
31.683297765232307
56.93357372603328
2.321621658028783
5.400000095367432
4.482137400425038
36.16543516565736
268.7496829467696
17.142857142857142
116.26969385563471
0.3010057471264368
1.0
0.6109462055999334

ANF
31.911970655633745
51.300000861287124
2.2694117826573987
5.699999809265137
4.479718961007252
36.39168961664101
288.79827891527697
28.000000000000004
131.92121755386734
0.34097222222222223
0.9916666666666667
0.4924286087719804

ANF
32.737514854294794
49.93605141838079
2.107692344372089
4.400000095367432
4.344758824250605
37.082273678545384
253.9206181355109
8.333333333333332
106.5721533932675
0.31737012987012986
1.0
0.5912888340313273

LBG
31.696752553236873
62.59347018299816
0.30697675083958825
4.400000095367432
3.193283322316537
34.89003587555341
136.2991735429602
37.254901960784316
82.05294448409387
0.412109375
0.4068027210884354
0.5219628891353364

LBG
29.341629822160677
44.530888323421244
0.261904776096344
3.3000001907348633
3.184034348765673
32.52566417092636
198.11788496105927
33.0
113.32279219789427
0.5438432835820896
0.3941269841269842
0.7767894362787523

LBG
30.497830398978266
59.316613506650086
0.19411765652544358
3.3000001907348633
3.1308089238420393
33.6286393228203
187.22410685629603
32.53968253968254
138.56125703245374
0.5308823529411765
0.2716137566137566
0.8758404042806671

LBG













LBG
28.822734743688297
53.55245041139487
0.2633802907567629
3.3000001907348633
3.2166051696990148
32.03933991338731
203.9662928679187
37.404580152671755
126.47459506472461
0.4946646341463415
0.43708994708994714
0.5233278982913007

LBG













LBG
32.202119325101684
52.550518052276075
0.19183672934162374
4.699999809265137
3.118753096288772
35.32087242139049
171.53885355674663
47.14285714285714
120.7142819010044
0.5261824324324325
0.3420370370370371
0.62647035255358

LBG
32.76376084264697
58.621161733418134
0.20000000794728598
4.400000095367432
3.180430669966734
35.94419151261369
168.57646541358798
37.301587301587304
107.93712222087517
0.43908227848101267
0.3346938775510204
0.8752552119844977

LBG













LBG













LBG
34.41014242663087
59.507108360223896
0.30000001192092896
3.3000001907348633
3.233813697257313
37.64395612388817
176.10518830563598
35.199999999999996
134.634610436827
0.5270061728395061
0.42608465608465607
0.8808185287304432

LBG













LBG













LBG













LBG
31.49120686173558
53.317205082652734
0.3462963104248047
4.400000095367432
3.2084298499890207
34.699636711724594
160.17819477604036
35.051546391752574
94.81859891101182
0.4880952380952381
0.47555555555555556
0.6430653266265911

LBG
31.971997158327813
65.39385636364183
0.20000000897940104
3.3000001907348633
3.1709060689651563
35.14290322729297
174.1645317607211
40.42553191489361
152.56889154968246
0.5870535714285714
0.3793434343434343
0.8862655790775945

LBG
30.17159729425865
52.61651366824884
0.2000000070441853
3.3000001907348633
3.1335721069196087
33.30516940117827
158.2754208656929
31.521739130434785
74.52573770759145
0.38095238095238093
0.3848412698412698
0.3995113412379981

LBG
32.14849181060444
58.49539597965371
0.16000000563534825
3.3000001907348633
3.130650746094924
35.27914255669935
164.99373368009128
43.93939393939394
125.18170999978614
0.5472972972972973
0.36511821511821513
0.6498536977768333

LBG
33.825296708162384
58.58479309609062
0.2026315849078329
4.400000095367432
3.18214818618392
37.0074448943463
192.45419999742242
37.03703703703704
140.25362724297892
0.538235294117647
0.39404761904761904
0.9500184752430925

LBG
32.936582908265606
50.80000181198121
0.36538461996958804
4.699999809265137
3.2630410474548146
36.199623955720426
169.31401971350883
33.33333333333333
100.70442613067212
0.46875
0.41285714285714287
0.5216032861513233

LBG
35.21791471336325
52.80483485975478
0.35087720762219343
3.4000000953674316
3.249530189323846
38.467444902687085
189.27835550055266
40.76923076923077
122.40693086174211
0.5048701298701299
0.3725396825396825
0.7443749942137594

LBG
31.085331165985952
58.160612248380744
0.6139535183130309
3.3000001907348633
3.2521830213337197
34.33751418731968
139.5326643514219
45.45454545454545
105.55020739816227
0.55625
0.4807936507936507
0.5591556948888702

LBG













LBG
31.526178355051318
52.21495386530789
0.276923085634525
4.400000095367432
3.208637206337263
34.7348155613886
187.2698952526114
43.18181818181818
131.6638392126223
0.5608333333333333
0.35690476190476184
0.6616764440620215

LBG
33.62915094097648
48.86852742980096
0.148333336909612
4.400000095367432
3.1373602822616675
36.76651122323817
199.09909449594397
37.1900826446281
126.14696450522133
0.5427631578947368
0.3596031746031746
0.8451890542544019

LBG
29.611376102322623
54.40670655482107
0.23157895552484611
3.3000001907348633
3.153195025408571
32.7645711277312
141.28754174060677
33.33333333333333
80.95749107117032
0.4223790322580645
0.4536507936507937
0.6393575446084927

LBG
30.869985847835355
50.05759083011176
0.2383333444595337
3.3000001907348633
3.1879850860793324
34.05797093391469
185.219909944874
29.807692307692307
94.74140764391356
0.4169520547945205
0.39415343915343914
0.5827268642520922

LBG
34.92262244186375
58.20949078568725
0.10000000216744163
2.200000047683716
3.0884429831982345
38.011065425062
200.94764073433043
37.83783783783784
195.66322947423544
0.686141304347826
0.3210600907029479
0.7862203304016917

LBG













LBG
30.906329225914277
53.731053970258024
0.09999999965446582
3.5999999046325684
3.0863148767069513
33.99264410262126
183.15619743253077
41.08527131782946
110.69821726595663
0.4769736842105263
0.38111111111111107
0.6310264616526479

LFF
18.340788367704814
37.417305203585265
0.0
0.0
2.999833180728561
21.34062154843338
225.27343834029068
6.153846153846154
42.74936400152764
0.2336065573770492
0.36756613756613754
0.23777700398303936

LFF













LFF













LFF
23.085064997909306
38.64741665061289
0.0
0.0
3.0
26.085064997909303
286.756052334945
3.614457831325301
62.25
0.259375
0.2434920634920635
0.2912578250097558

LFF
20.991496176547688
32.70905064227843
0.0
0.0
2.9991070145813383
23.990603191129033
342.5320296409468
9.89010989010989
64.4794857549456
0.2621951219512195
0.2226719576719577
0.21763653193126473

LFF
19.00617851648755
42.88638767987605
0.0
0.0
2.9989939323648507
22.005172448852402
218.86716567503626
9.523809523809524
53.047260461159226
0.23273026315789475
0.22931216931216933
0.22029614017520752

LFF
23.393762070439696
40.28804758042419
0.0
0.0
2.998493280216458
26.392255350656168
269.0394407235901
4.878048780487805
55.47616012848213
0.23717948717948717
0.2147883597883598
0.2492366313393784

LFF
19.235367828367178
37.844246872308986
0.0
0.0
2.9998555584294957
22.23522338679667
266.78525819394366
5.194805194805195
49.68420492667286
0.2268835616438356
0.2855026455026455
0.20250476296324493

LFF













LFF













LFF













LFF
23.24219078622492
42.89195708098832
0.0
0.0
2.999449954416643
26.24164074064156
236.06415367198161
9.523809523809524
56.2196599480564
0.24671052631578946
0.2286507936507936
0.23808295779261185

LFF
18.279516159757144
35.539515456776066
0.05333333545260959
1.2000000476837158
3.029776342095779
21.309292501852912
269.95691288044287
9.210526315789473
50.72531467981302
0.2427536231884058
0.2501587301587302
0.21608273330378855

LFF













LFF
24.528496237345664
40.248109164328085
0.0
0.0
2.99815643494376
27.52665267228942
214.138635514345
3.125
38.96984114876153
0.20967741935483872
0.33685185185185185
0.21719009754950624

LFF
26.1085356979795
39.52667522648659
0.0
0.0
2.9992547732643144
29.107790471243813
242.2374299992814
4.166666666666666
45.931798865695015
0.22192028985507245
0.3007936507936508
0.2618653092496633

LFF
23.39680794274374
39.09667753048674
0.0
0.0
2.9983542656567987
26.39516220840054
308.1018351164318
13.592233009708737
87.87874874220635
0.32935393258426965
0.25637566137566137
0.3508868732898856

LFF













LFF
19.600995126614855
39.41067575418987
0.0
0.0
2.9996241670509503
22.600619293665805
214.73491882982702
7.575757575757576
38.43320141064524
0.21004098360655737
0.2806349206349206
0.19014505012014

LFF













LFF













LFF
23.543640512737532
38.0423002586636
0.0
0.0
3.0
26.54364051273753
247.31889189716716
2.857142857142857
43.875
0.21507352941176472
0.25025510204081636
0.17594337400558024

LFF
22.958944300266346
39.52667617293546
0.0
0.0
2.9995530267851813
25.958497327051518
249.2587992604776
8.974358974358974
48.18353311271848
0.2262323943661972
0.2611904761904762
0.21324393272822725

LFF
26.34515849731185
40.01491880820609
0.0
0.0
2.9993506931827163
29.344509190494545
267.26881173753924
2.5316455696202533
53.988337067486164
0.23376623376623376
0.24542328042328043
0.19418576813254257

LFF













LFF













LFF













LFF
21.002268423245663
39.837658557713475
0.0
0.0
2.9988195958621295
24.001088019107794
237.00174082694312
6.8493150684931505
46.83988297689835
0.22977941176470587
0.26396825396825396
0.2755023211956881

LFF
23.895424858263137
39.95479017021948
0.0
0.0
2.9997755099620758
26.89520036822522
250.26190503197233
6.493506493506493
50.434469384488025
0.23350694444444445
0.23582010582010585
0.19456028298024716

LFF
20.478683806179177
39.42775334891603
0.0
0.0
2.9989349706217108
23.477618776800877
228.72422854455405
2.9850746268656714
47.42090183854005
0.24326923076923077
0.2615079365079365
0.22631444126735553

RAN













RAN













RAN













RAN
36.05077323349495
64.38750665726286
2.6540000458061694
5.699999809265137
4.6975779848050685
40.74835121830001
206.68737087096596
22.22222222222222
64.13782938547106
0.19642857142857142
0.8654761904761905
0.31324902848915126

RAN
44.03922224638702
224.17076448926483
2.052000048160553
5.400000095367432
4.311535965205047
48.35075821159206
60.73779991389798
38.46153846153847
55.70535440805969
0.2001953125
0.8703968253968254
0.3013402402463043

RAN
36.619752107601336
62.91977182422771
2.4057692747849684
4.699999809265137
4.411469541471256
41.031221649072634
197.68770246371932
33.33333333333333
69.61537708944833
0.21961805555555555
0.913915343915344
0.273227817663937

RAN













RAN
32.52793202695267
65.61954103051607
2.258139593136865
4.699999809265137
4.5008102916863635
37.02874231863902
274.48035641933603
24.21875
121.2432382865772
0.2764175257731959
0.8358730158730159
0.466576717310249

RAN
35.769328925214076
68.55510533677509
2.2781250529224053
5.400000095367432
4.467674156382348
40.237003081596484
198.84583273299165
29.523809523809526
72.50611870713709
0.22381756756756757
0.8892063492063492
0.26896793281690856

RAN













RAN













RAN













RAN
39.598369200947694
89.74698324220638
2.562222279442681
5.699999809265137
4.583099565491774
44.18146876643946
144.1321536508033
25.0
55.58543533872381
0.18276515151515152
0.8722222222222221
0.47550092074821526

RAN













RAN













RAN
35.579607878950966
66.66226545186252
2.1944444815593735
5.400000095367432
4.3553717490721295
39.934979628023086
187.55557782181327
30.927835051546392
69.01781374872263
0.23600746268656717
0.8307142857142857
0.23580958142251157

RAN
39.55776192594792
79.3972854654739
2.453947398223375
5.699999809265137
4.665436533714433
44.22319845966234
207.70724436549963
31.70731707317073
89.51863991985881
0.22767857142857142
0.8172486772486773
0.34078420572684254

RAN
50.28767951120955
320.97344075554236
1.8349206561133975
4.5
4.326713539011588
54.61439305022114
49.54045093670304
45.39007092198582
72.26134190158604
0.2159090909090909
0.867989417989418
0.283729296035082

RAN













RAN













RAN













RAN













RAN













RAN













RAN













RAN
40.28444769468091
80.07702092329835
2.1433333969364563
4.400000095367432
4.346149819371628
44.63059751405255
171.568429342699
39.66942148760331
74.11155365417812
0.23544520547945205
0.8936507936507936
0.3162852870849692

RAN













RAN
33.97752270276172
71.30000090897084
2.2083333909511564
5.400000095367432
4.3766803130858545
38.35420301584761
212.60536151657632
29.629629629629626
69.9177910893759
0.21628289473684212
0.8034920634920636
0.3076811134981008

RAN
29.18017890260035
49.348922658858626
2.3878049123577956
4.5
4.3677906645421265
33.5479695671425
230.17154510178702
13.157894736842104
52.38145221901368
0.18276515151515152
0.9531746031746032
0.23054560499383706

RAN
32.12001779798667
69.6482444945977
2.553968268727499
5.699999809265137
4.62593047993405
36.745948277920725
222.2722274469226
20.792079207920793
78.96484725240354
0.2140625
0.8644444444444443
0.36705318346813354

TBF
25.04337374016287
43.26915886837761
1.0444444644230384
2.0999999046325684
3.585331004787025
28.628704744949903
248.1824938568068
0.0
49.957147042475896
0.1875
0.8442063492063491
0.4181682586342797

TBF
29.599101944840307
42.57160598024968
1.100000018960443
2.0999999046325684
3.5150099865593183
33.11411193139962
170.79856793021625
0.0
26.86383088024647
0.14150943396226415
0.8042857142857144
0.24671271718508495

TBF













TBF
25.19485373530302
44.68098880508206
1.0148936359489218
2.0999999046325684
3.5199299921507023
28.71478372745374
217.32085292452444
0.0
33.74510449303417
0.13660714285714284
0.7653968253968254
0.3057249453892227

TBF
25.74332917038985
43.590593641417165
1.06119405022308
2.5
3.612925398381615
29.3562545687715
264.3819241723036
4.819277108433735
63.94777388178076
0.22389240506329114
0.8840404040404041
0.4926931104180846

TBF
24.442563498369918
42.38488972928007
0.9263158070675114
2.200000047683716
3.5417113110532066
27.984274809423137
248.69241442635902
4.054054054054054
52.04285545749835
0.20774647887323944
0.7676870748299319
0.42258699315986253

TBF
24.476853194019313
43.689830196309224
1.0245283213707637
2.0999999046325684
3.581637954951819
28.058491148971147
265.71790218512336
0.0
46.458642946614724
0.1680194805194805
0.7884920634920635
0.39694885294450355

TBF
24.938886103681146
48.14743525858042
0.9571428697024073
2.0999999046325684
3.5005303062394035
28.439416409920568
176.3480023357317
0.0
31.504265844683214
0.14959016393442623
0.7360317460317459
0.3077395467824468

TBF
26.30979303626471
42.13652428832625
0.997435915355499
2.0999999046325684
3.558118739787303
29.86791177605201
228.75553211877664
0.0
32.83525224633457
0.14682539682539683
0.7653061224489796
0.3133988312945337

TBF
26.266634322350345
47.87589982690344
1.0534883916031483
2.0999999046325684
3.5583131808920094
29.824947503242367
176.5398718869042
0.0
26.485003775853087
0.12395833333333334
0.9061111111111111
0.34775387034889677

TBF
29.16645696462058
41.944201761889836
1.031818200918761
2.0999999046325684
3.573538763633218
32.739995728253824
232.02199675854828
0.0
37.005828138759526
0.15073529411764705
0.8382539682539683
0.31752956118659215

TBF
30.333067474841066
46.320731144318785
1.0877551244837897
2.5
3.60144594115098
33.93451341599204
212.8715096795183
0.0
42.559626252765995
0.17537313432835822
0.9103174603174604
0.4278598133792552

TBF
25.729783496128686
42.46641806395297
1.0230769424770887
2.0999999046325684
3.520688190824465
29.250471686953162
261.5894698496695
0.0
42.053592352032425
0.16493055555555555
0.7612698412698412
0.43206822243157694

TBF
25.63341286586007
41.398849864591874
0.8627118830711155
1.100000023841858
3.492952171833058
29.12636503769316
240.39850595056203
0.0
48.84504943399834
0.19630281690140844
0.7907407407407407
0.4075043713396992

TBF
24.140985653424337
40.963742174563215
1.0347826310797879
1.100000023841858
3.529967322049849
27.670952975474204
251.93656285360277
0.0
45.066130905532404
0.19029850746268656
0.7475396825396826
0.38987838794002866

TBF
27.53043545620833
50.600000381469734
1.0823529618335705
2.200000047683716
3.59887670619657
31.129312162404897
194.5087597903754
9.210526315789473
44.002543872537174
0.17481884057971014
0.7913179413179414
0.3642108500724362

TBF
22.467615683831163
45.944941345618496
0.8656250165076926
2.0999999046325684
3.514635529005337
25.9822512128365
263.2152938233833
2.3255813953488373
60.58514035634138
0.20610119047619047
0.7055483405483406
0.4071761971825099

TBF
26.153511699885094
45.57911499009683
1.1057143076189926
2.200000047683716
3.6064124369964654
29.759924136881587
262.9637894842226
5.617977528089887
62.97312028919657
0.20684523809523808
0.7327705627705627
0.42307902501449624

TBF
29.48321448545117
46.922907400743114
0.8442623124259417
2.5
3.4994818888297607
32.982696374280934
223.51414694837783
5.128205128205128
48.29698351573757
0.1866554054054054
0.7881746031746031
0.38040034286735874

TBF
24.338828104043124
39.72664153121679
1.0000000161429246
2.5
3.5421602495481146
27.88098835359124
258.7837257587889
0.0
28.90292276260945
0.13095238095238096
0.7574074074074074
0.24503156710449459

TBF
26.959194304796632
47.324630273988156
0.9011494431687498
2.200000047683716
3.5977630464202908
30.556957351216933
280.4232482013071
8.823529411764707
80.90774379170986
0.24126344086021506
0.7981144781144781
0.5854086862987108

TBF
22.590008874827333
39.86968041376108
1.0230769415696461
2.0999999046325684
3.528854344059268
26.11886321888661
247.48628738703553
0.0
33.07318903634971
0.14015151515151514
0.7253968253968253
0.2417839275590007

TBF
25.34828589695746
40.002112984013216
0.7312500127591193
2.5
3.4928511479779965
28.841137044935483
282.66478711138984
6.024096385542169
59.019707144642254
0.22115384615384615
0.7046825396825397
0.37317506380193677

TBF
26.742054309928964
44.865839009007416
1.0910447976037638
2.200000047683716
3.5943791300429155
30.336433439971895
254.30068614827312
6.896551724137931
61.53700605175757
0.20987654320987653
0.7243121693121692
0.3715853306684369

TBF
27.004449499995406
45.903546907024506
1.097297317675642
2.5
3.6440647550946754
30.648514255090088
286.47513489295943
0.0
57.78030234067463
0.171875
0.7650200989486703
0.4462572067658924

TBF
26.554480460468614
44.116137308512144
1.033333350966374
2.0999999046325684
3.590239798801904
30.144720259270535
266.9115233777946
5.813953488372093
73.39975318602666
0.2507716049382716
0.7850264550264551
0.4550260383571111

TBF
26.38534799952331
43.50700055378632
0.9250000164844095
2.0999999046325684
3.5653672683571718
29.950715267880504
287.8240366466342
0.0
68.47099617643221
0.22126436781609196
0.7357671957671957
0.4837669606541871

TBF
27.41064877537653
44.69999961853028
0.9833333524564902
2.5
3.6316742699326516
31.04232304530921
317.7183643921546
17.647058823529413
101.71452748042259
0.2895408163265306
0.7765512265512265
0.5512573159854115

TBF
21.805745438392208
44.099715992226656
1.0800000205636024
2.0999999046325684
3.58599645524701
25.39174189363921
233.21363914290342
0.0
48.03170899591916
0.1957720588235294
0.7376190476190475
0.43874485285050074

TBF













