AFF
46.691642254461435
81.32272719253201
0.9451613176253534
4.400000095367432
3.746961401185319
50.43860365564675
139.61825009602313
75.51724137931033
240.56925948415764
0.9154929577464789
0.5362244897959183
0.35063735338054275

AFF













AFF
47.31538124405334
82.63132018779326
1.0250000208616257
4.400000095367432
3.673953951433028
50.989335195486376
117.58172247643594
73.83966244725738
201.95733621756568
0.8951612903225806
0.6547619047619048
0.2949838562995119

AFF
47.328789660160936
81.59999351501465
0.8155172590551705
4.400000095367432
3.571945265418003
50.90073492557889
129.14098379762004
78.41269841269842
219.69926412439912
0.9007352941176471
0.6287566137566138
0.25245399507902944

AFF
58.415904446956944
123.60000047683712
1.190540560193964
4.5
3.8734622555883464
62.28936670254526
116.91810272735914
81.33333333333333
289.75142263681977
0.9077380952380952
0.5684656084656085
0.23082804757137781

AFF













AFF













AFF













AFF
50.972105386732856
89.3999994277954
0.7393442939539425
3.3000001907348633
3.561824361919201
54.53392974865206
131.69722181742816
78.51002865329512
247.090564633473
0.9233333333333333
0.5866666666666667
0.16140945001861645

AFF
52.4571014636185
104.49999990463255
1.137500019537078
4.400000095367432
3.8574207496936532
56.314522213312145
141.16921547884442
82.02020202020202
305.22102519689184
0.8960674157303371
0.562883597883598
0.3491751400983933

AFF
46.4617309316375
94.69999303817748
0.7943396455836746
3.5999999046325684
3.5262417693383905
49.98797270097583
109.77127929569802
76.71232876712328
212.28239685328361
0.8860294117647058
0.5972222222222222
0.3258610373200758

AFF
49.96343288822676
93.1018107056992
0.6342105363544664
3.5999999046325684
3.528397715505906
53.49183060373267
133.42240089014285
74.92163009404389
265.65305317967784
0.94375
0.5275180375180375
0.4262412848086067

AFF













AFF













AFF
46.06886903385905
82.00000019073485
0.8161290441789935
3.5999999046325684
3.628632509611358
49.697501543470395
144.24267351902273
78.9041095890411
257.7497032400746
0.9285714285714286
0.4922222222222221
0.44069068005410234

AFF
65.15172433079344
122.06532803148964
1.4609195487252598
4.5
4.066421083005783
69.21814541379922
125.8774138956013
82.45967741935483
321.01363422150325
0.9166666666666666
0.5768253968253969
0.3020928156817024

AFF
54.454631591446244
94.35076167812048
1.27543862869865
4.5
3.9036998687622058
58.35833146020845
142.08943618104695
79.43444730077121
278.1625635102739
0.8875
0.6296825396825397
0.2119945010049167

AFF













AFF
56.57358548635483
92.03599808005727
0.8847826175067736
3.5999999046325684
3.611711226477688
60.18529671283253
127.12541691451288
78.04154302670622
232.6806714982677
0.875
0.6406349206349206
0.3263078179386345

AFF
47.93889973590479
83.0321410109752
0.9921568795746448
4.400000095367432
3.719150730941691
51.658050466846454
126.20967637493708
76.89655172413794
221.58950747404674
0.8955223880597015
0.5758730158730159
0.3939419342763938

AFF
47.52907494884135
86.1548348763705
1.0571428728955132
4.699999809265137
3.722009949958959
51.251084898800315
137.6794566684696
76.19047619047619
254.33356142685875
0.9233333333333333
0.622037037037037
0.39787014776049967

AFF
52.92220421786152
101.54528834190576
1.0403508930875545
4.699999809265137
3.7043165059408296
56.62652072380232
120.43918794742521
79.94722955145119
260.7170894817466
0.9276315789473685
0.583219954648526
0.30497408749859367

AFF
48.87634085581428
92.8465780681879
1.3557377213337383
4.400000095367432
3.819299570348961
52.69564042616326
129.37220611966356
76.0655737704918
246.04958687817123
0.8801369863013698
0.5857936507936508
0.4824718430509611

AFF
50.19874892927875
82.91304929926886
0.8149253948410945
4.5
3.651712875569961
53.850461804848756
155.0836083648103
79.75
277.17374292116693
0.9444444444444444
0.5024603174603174
0.3005918701103431

AFF













AFF
43.62370863762589
80.02935597765544
1.0596154102912316
3.5999999046325684
3.610398053961665
47.234106691587534
134.9982080165919
74.72118959107806
224.8210700045863
0.9227941176470589
0.5415343915343914
0.3857991086944421

AFF
56.619877581720786
105.24141821817213
0.7435483855585898
4.5
3.505157584327598
60.12503516604838
111.44509363856612
80.20565552699229
235.67243396278766
0.8863636363636364
0.5682010582010583
0.25932395330563396

AFF













AFF
50.71528463415746
107.77511566090598
0.916363653269681
3.5999999046325684
3.616815533408421
54.332100167565876
110.09237556041192
79.23497267759562
230.92360819662946
0.8453947368421053
0.569867724867725
0.2829074633180875

AFF
51.77437789098646
85.82629879586405
1.0711111386617025
3.5999999046325684
3.7393757611278233
55.51375365211425
129.92051057828482
77.81350482315112
224.0299303602228
0.8731884057971014
0.6257142857142857
0.2444560489692128

ANF
37.021267013160724
58.67480574179988
2.4378378777890592
5.699999809265137
4.336039110261224
41.357306123421935
183.96005585618798
34.78260869565217
203.48358461208684
0.7916666666666666
1.0
0.3316280707266004

ANF
41.73638461979166
81.42498327799993
2.4256410733438454
4.699999809265137
4.624943927824938
46.361328547616615
208.72624269499565
48.80952380952381
338.72131158531556
0.8546511627906976
0.9697354497354499
0.3416920859211336

ANF
34.67764851900608
56.199998760223394
2.582278520246095
5.699999809265137
4.663530166813466
39.34117868581957
264.62723500134484
42.06896551724138
305.9359729969228
0.7946428571428571
0.9809523809523809
0.30980873169071366

ANF













ANF













ANF
31.441087633226005
63.49421254368543
2.231707346148607
4.399999618530273
4.32370679214091
35.76479442536693
187.8516322399856
33.6734693877551
211.69442872497208
0.7538461538461538
1.0
0.39277594106483027

ANF
30.866584749136788
54.25517413822546
2.239130471063697
4.5
4.373619212403354
35.240203961540175
211.95465138762336
34.31372549019608
246.3167075778424
0.8544776119402985
1.0
0.3579373967291769

ANF
34.281817448100135
59.41016379042034
2.3605263578264335
4.300000190734863
4.343177494608144
38.6249949427083
187.65880279002408
34.375
222.22362983204025
0.8174603174603174
1.0
0.3779785189228507

ANF
38.91098456156905
86.02901489677568
2.166666685366163
5.699999809265137
4.319405460970256
43.23039002253931
167.2219167254718
55.88235294117647
259.4483307860367
0.8066666666666666
0.9777777777777777
0.22922154301165062

ANF
38.62471476570328
79.99582269346237
2.320312522351742
4.5
4.502816149906219
43.12753091560951
196.60367751969207
46.35761589403973
306.62874621556205
0.845679012345679
0.9925925925925926
0.16999691694309177

ANF
36.25561184332882
83.25632504577288
2.3551724470894912
5.699999809265137
4.4932709467546506
40.7488827900835
180.3852623157369
37.096774193548384
287.11918428243087
0.8205128205128205
1.0
0.3143231227946836

ANF
33.40627224597721
59.29219529019536
2.280769270199996
4.5
4.367323165038376
37.773595411015606
208.7152238213472
45.08196721311475
242.5768610353938
0.832089552238806
1.0
0.19313811525961244

ANF
42.78115460562684
84.40000023841857
2.4970149602462994
4.5
4.58150812115437
47.36266272678122
185.33448848240732
53.216374269005854
299.1191396072021
0.821875
0.9714285714285715
0.33767686497119137

ANF
42.86045818669998
82.98605174010646
2.565714306171451
5.699999809265137
4.712540017297066
47.57299820399701
213.04668640835644
46.42857142857143
357.05899085815724
0.8388888888888889
0.9925925925925926
0.2242323093399334

ANF
33.806490367556044
64.76570162998695
2.619230779317709
5.699999809265137
4.550818794647413
38.35730916220349
193.2123050764412
47.286821705426355
250.9826557688233
0.8235294117647058
0.9878787878787879
0.2718547062998067

ANF
40.61793808423646
81.56974311168841
2.512162193756651
5.699999809265137
4.635333029548599
45.25327111378505
189.33604011679947
54.06976744186046
306.61793105994866
0.8481012658227848
0.9783549783549783
0.338226785040909

ANF
44.1321068037457
122.56482693389167
2.2050000205636024
5.699999809265137
4.538005658033402
48.67011246177907
162.76660378641353
55.140186915887845
365.9818165639122
0.8385416666666666
0.9671380471380471
0.3285080946325016

ANF













ANF
36.27457456727638
60.90000038444997
2.1734177683350406
5.699999809265137
4.399678826252122
40.67425339352851
243.61982353554941
38.23529411764706
305.3220384092117
0.8333333333333334
0.9944444444444444
0.26215802469604627

ANF
33.51837320862191
58.7129587810214
2.4545454852508777
5.699999809265137
4.603381990858679
38.12175519948056
234.87129065870812
35.0
300.427636431078
0.842948717948718
1.0
0.25608192367454

ANF
33.88804606867595
59.41542640299616
2.6021739555441816
5.699999809265137
4.497109067160658
38.38515513583663
212.00174449649572
41.17647058823529
262.53599872884314
0.8428571428571429
1.0
0.34900466557278553

ANF
41.26696578172289
74.36342470695227
2.3916667150333524
5.400000095367432
4.64120911301629
45.90817489473919
202.3442916018872
45.45454545454545
292.2909454537759
0.8108974358974359
0.9700000000000001
0.29899727687221955

ANF
39.54641008422204
71.67550757935767
2.5368421391436926
5.699999809265137
4.622079900979889
44.168489985201944
204.02623576691363
43.47826086956522
301.9016069610156
0.8461538461538461
1.0
0.3079858269868934

ANF













ANF
38.17953883191366
79.97211738533493
2.5000000447034836
5.400000095367432
4.618715558521227
42.798254390434934
200.09280692847432
37.5
289.1607877023938
0.7875
1.0
0.38061282379214456

ANF
36.85725503345127
66.50166990709353
2.2797101819212884
5.699999809265137
4.497666066102943
41.354921099554204
224.43908582453633
36.0655737704918
279.02811229935804
0.7948717948717948
1.0
0.3252197044992965

ANF
38.679306817568296
74.7387382353634
2.52816903591156
5.699999809265137
4.6168927707139895
43.296199588282335
194.73314518966245
47.58620689655172
289.6665692298315
0.8322368421052632
0.9702020202020202
0.3775540562754029

ANF
31.194681619766044
53.38760522401456
2.1250000298023224
4.5
4.277524079834277
35.47220569960033
244.4167493446013
33.91304347826087
260.0526484093822
0.8026315789473685
1.0
0.3993439820716028

ANF
37.8449026712391
69.96461430707208
2.352830211649526
5.699999809265137
4.483694423175242
42.32859709441438
178.73682390441982
37.719298245614034
242.1391908101055
0.7676056338028169
1.0
0.32233531559915124

ANF
32.974916752744264
55.56743317951336
2.1226415431724406
4.5
4.316991019890883
37.29190777263517
214.11078508842024
28.421052631578945
232.3932148094412
0.7977941176470589
1.0
0.37928279069079757

LBG
43.20078888457644
83.20000085830688
0.6155172565887714
3.5999999046325684
3.461859778400325
46.66264866297678
134.40795879602427
61.19402985074627
239.55586629014022
0.8910256410256411
0.5256349206349207
0.33304010799994777

LBG
43.401727765847674
75.19999409019948
0.6896551884710789
4.300000190734863
3.5155823188819184
46.91731008472959
153.23734117562995
67.5
249.41177929314722
0.9134615384615384
0.5400529100529101
0.31289424391233434

LBG
37.514828332076725
72.86452394697592
1.025641062320807
4.400000095367432
3.684759721980575
41.199588054057294
126.18887856416596
51.96850393700787
186.88527883884976
0.8483606557377049
0.623015873015873
0.2741086001506988

LBG
39.7623181796528
66.86807370181492
0.7600000034679066
4.400000095367432
3.47405354987196
43.23637172952474
153.21700779470663
59.411764705882355
216.65469494116525
0.9021739130434783
0.4874603174603174
0.3421138671221875

LBG
46.43166480989874
81.3097842800945
0.6230769314608731
4.699999809265137
3.5387262105384694
49.97039102043722
173.77067160016344
67.57679180887372
318.86899000115454
0.9473684210526315
0.43
0.33950409875459486

LBG
38.14330488149414
73.23134915596741
0.5145161459522862
3.3000001907348633
3.4131900716072265
41.556494953101364
161.38151936380498
64.78260869565217
245.28170964813114
0.8858024691358025
0.4555627705627705
0.25950474017423786

LBG













LBG
41.66501253471446
64.38408811951558
0.7099999964237214
3.5999999046325684
3.494303893978498
45.15931642869297
171.5266328672853
60.30927835051546
208.4070860830218
0.788961038961039
0.5303968253968254
0.2586001165283946

LBG
39.455382105552665
61.42912056278533
0.6440000128746033
4.5
3.490644314881716
42.946026420434386
169.6545897776663
64.39024390243902
227.89661105851602
0.9041095890410958
0.5123544973544972
0.32610948194200706

LBG













LBG
42.328499386343054
74.59999952316285
0.6984127078737531
3.3000001907348633
3.5033033651943257
45.83180275153738
152.52448360867905
66.66666666666666
253.89426921554605
0.909375
0.5715079365079365
0.24868804128669042

LBG
39.85000194655038
77.89999504089356
0.6639344360007614
4.400000095367432
3.489017399610724
43.339019346161116
152.55645056368982
63.76146788990825
244.62237456924723
0.8924050632911392
0.4707407407407408
0.41989960040664354

LBG
35.10525325802351
55.129010778204496
0.6147059132071102
3.3000001907348633
3.3795483695089703
38.48480162753247
131.37243956692936
41.57303370786517
151.42785402394912
0.8557692307692307
0.5833333333333333
0.3006919735861398

LBG
36.10416286821457
58.2544651453645
0.3229166741172473
4.5
3.260114209954782
39.36427707816936
170.15782789285117
60.55555555555555
194.48149497606187
0.8380281690140845
0.4973015873015873
0.3116181493961664

LBG
36.796829745612975
65.01694973013026
0.7169491526181415
3.5999999046325684
3.5861139195763476
40.382943665189345
175.80418649776541
51.92307692307693
248.087977292792
0.93
0.48420634920634925
0.29271902559479895

LBG
37.38541002662437
67.13061818440347
0.7880952698843819
3.4000000953674316
3.551316249699794
40.93672627632416
144.86355899307037
59.50920245398773
197.43191330671965
0.8409090909090909
0.5763492063492064
0.2696170569639942

LBG
42.60772576047147
78.69999952316284
0.9306818422946063
5.400000095367432
3.817066086916607
46.42479184738808
187.0513120518325
69.3103448275862
289.7748439279759
0.8595505617977528
0.4573015873015873
0.3048269973874475

LBG













LBG
38.5571033691643
71.0396122985656
0.7084337444190519
4.300000190734863
3.3907841480605674
41.94788751722486
169.13321574390437
62.447257383966246
273.23478917739055
0.9073033707865169
0.4790476190476191
0.3678101254689062

LBG
37.42275562390467
60.57246830515945
0.35681818561120465
4.400000095367432
3.2600040080281194
40.68275963193279
145.04902296396804
60.588235294117645
192.75184740284578
0.8843283582089553
0.4438888888888889
0.3200434444967068

LBG
40.17235108135398
76.83335892513986
0.43750000638621195
5.699999809265137
3.366652215511236
43.539003296865204
143.15552149003227
64.38356164383562
235.54887280987643
0.9038461538461539
0.5156349206349207
0.3809778223055199

LBG
41.85795221946165
73.04103903788146
0.9774193917551348
4.5
3.655264072473244
45.513216291934874
168.8209328030797
62.55924170616114
267.38840147894314
0.9208860759493671
0.556957671957672
0.26495980621826004

LBG
36.46883595776288
57.10753083034192
0.726785734295845
4.400000095367432
3.4566768807560666
39.925512838518934
174.42105658194407
55.828220858895705
224.09086762650583
0.9027777777777778
0.5519047619047619
0.2962283228168641

LBG
36.730998979178224
66.25587937048152
0.5357143048729215
4.699999809265137
3.434543674947965
40.16554265412616
150.28682934745194
60.79545454545454
218.8485135714096
0.927536231884058
0.5303174603174603
0.26113219868883

LBG
36.93938907069561
60.78642652495546
0.6621621750496529
3.5999999046325684
3.471764138159437
40.41115320885504
146.49059361124006
55.072463768115945
188.17437656588515
0.8790322580645161
0.6287301587301588
0.31159105310460783

LBG
46.137666654415476
80.02788743773446
0.5809523964685107
4.699999809265137
3.4512687971865477
49.58893545160202
151.63503289377152
68.72586872586872
248.1497778754299
0.8919753086419753
0.5502645502645502
0.2733779976361618

LBG
32.55338501146883
52.24165859435889
0.7904761859348842
4.699999809265137
3.4993770966659308
36.05276210813475
171.74992905087612
61.98830409356725
209.3541410580861
0.9230769230769231
0.5609126984126985
0.2140502409155487

LBG













LBG
38.44877332885572
68.7903604222937
0.6314815062063711
4.300000190734863
3.4889943327414015
41.93776766159709
153.05137819706943
65.42056074766354
224.0458440999846
0.8817567567567568
0.5354761904761904
0.2671179323298686

LBG
42.35677358732885
78.89999885559082
0.5639344414726633
4.400000095367432
3.4632837104294096
45.82005729775824
137.07561060951355
67.52136752136752
240.54456199263512
0.9210526315789473
0.4244897959183673
0.25704996005145786

LFF
23.861473046741448
40.68400860586388
0.11224490039202632
1.100000023841858
3.081230769230769
26.942703815972205
214.23066352749964
12.162162162162163
137.29499999999996
0.6846153846153846
0.32349206349206344
0.19711076390768567

LFF
24.816563215269124
42.63686076015193
0.09032258030868345
2.0999999046325684
3.07664530186844
27.893208517137577
252.60355152042186
19.19191919191919
188.7008120747376
0.765625
0.3196031746031746
0.17232335188233078

LFF













LFF
26.376730296576252
43.88920590809202
0.21290323042100476
2.200000047683716
3.133225830303508
29.509956126879768
234.3909515302249
20.2020202020202
202.03385679842026
0.810126582278481
0.30722222222222223
0.26321898807529037

LFF
20.62782685959695
41.20987431817179
0.1047619070325579
1.100000023841858
3.0693335821633134
23.697160441760257
217.35737603826604
12.0
148.77649929321532
0.7348484848484849
0.2985714285714286
0.16814706663975293

LFF
22.29011886885175
42.01064931246749
0.22972973587142453
2.200000047683716
3.1747179251645767
25.464836794016332
261.1438601799442
22.0
197.72363568775177
0.7948717948717948
0.3373809523809524
0.21467096456866785

LFF













LFF













LFF













LFF













LFF
22.532175471505145
40.096858458815404
0.18181818574666977
2.200000047683716
3.101063285821842
25.633238757326982
252.08333859669474
16.853932584269664
177.94368315081633
0.777027027027027
0.29571428571428576
0.14889470461581847

LFF
26.756459670375442
43.58608113112373
0.1879310361270247
2.200000047683716
3.1462669409747517
29.902726611350182
213.87781429633702
35.45454545454545
175.06247640460367
0.7852112676056338
0.4175763125763126
0.22158284788446025

LFF
32.519351272266306
136.89999972134825
0.15714286054883683
1.100000023841858
3.1169666105051155
35.63631788277142
68.97216287661428
38.613861386138616
146.27596492565857
0.7580645161290323
0.36547619047619045
0.2205696402525373

LFF
25.540842792233853
137.18907009315805
0.10684931737511125
2.200000047683716
3.101276897656675
28.64211968989051
94.98602698107628
32.28346456692913
223.5205370040926
0.8372093023255814
0.29830687830687824
0.2382929407889806

LFF
21.84603577863253
39.4067341151813
0.02500000052774946
1.100000023841858
3.021744892568207
24.867780671200734
248.12979025054122
17.647058823529413
170.08151189168544
0.8035714285714286
0.31587301587301586
0.17870023138121652

LFF













LFF
30.827691173399746
149.86484978057683
0.1878048821193416
2.200000047683716
3.10717620051286
33.934867373912596
61.93453306494138
33.69565217391305
144.39501510174378
0.7622950819672131
0.36746031746031754
0.20859464500706265

LFF













LFF
22.22763866515605
43.77085709532311
0.28913044103461766
2.200000047683716
3.15023659432543
25.377875259481485
211.73627336218394
18.29268292682927
151.38091010545202
0.7164179104477612
0.31777777777777777
0.18838795447881826

LFF
24.22032713133608
38.61584036447276
0.09322033860420777
2.200000047683716
3.0866537470191817
27.30698087835526
266.44952993003875
24.752475247524753
184.6006847734578
0.7894736842105263
0.29015873015873017
0.11478670556372171

LFF













LFF
20.99710694738477
54.886794648524784
0.2606557432989605
2.200000047683716
3.173400655453035
24.170507602837795
186.46916967577476
25.742574257425744
177.34966927932527
0.7466666666666667
0.3714904143475572
0.17063133185464993

LFF













LFF
22.736165355355087
38.782917161698556
0.0575000012293458
1.100000023841858
3.0444120852033425
25.780577440558424
221.23284009940625
10.294117647058822
143.35347626665356
0.7704918032786885
0.36388888888888893
0.1465516160825784

LFF
24.726045995953356
46.04702989616831
0.2945454480973157
2.0999999046325684
3.2171649128357664
27.943210908789126
200.04743532576742
19.047619047619047
164.2031788548398
0.75
0.42444444444444435
0.24929057484757453

LFF
22.56284705658404
44.218414568178524
0.3426229582458246
2.200000047683716
3.216885665202236
25.779732721786285
220.97008371676554
23.958333333333336
177.53265355976322
0.7534246575342466
0.35395604395604396
0.3189087153598661

LFF
23.116180093934183
49.90387658430982
0.45000000382688915
2.200000047683716
3.2877966101694907
26.403976704103663
164.93302684367913
28.915662650602407
137.14499999999998
0.6991525423728814
0.36758241758241755
0.19071629544867508

LFF
22.802455064607507
43.31953915056533
0.15714286054883683
2.200000047683716
3.0860966431537054
25.88855170776123
190.64576429346496
14.084507042253522
119.63014114162813
0.639344262295082
0.3366666666666667
0.19281759926152134

LFF
23.527871265092056
136.89999972134825
0.18333333730697632
1.100000023841858
3.1139570137004977
26.641828278792556
83.3618845323376
30.555555555555557
186.24390750905755
0.8
0.3225396825396825
0.24957197949189472

LFF













RAN













RAN













RAN













RAN
33.895622520352404
57.656758403047235
2.302380984205575
5.699999809265137
4.42396644348012
38.3195889638325
200.88713739589633
25.609756097560975
180.91925576380135
0.6680327868852459
0.8498299319727892
0.17888846460731975

RAN













RAN













RAN













RAN













RAN













RAN













RAN
44.211276222359466
133.85200952327156
2.2480000336964925
5.699999809265137
4.593462000482246
48.80473822284169
142.32505275769574
47.05882352941176
323.0239372425076
0.7833333333333333
0.8414285714285714
0.25071895873963274

RAN













RAN













RAN













RAN













RAN
32.002154310752495
71.33927657882258
2.1477273133668033
5.400000095367432
4.348978619505431
36.351132930257954
170.92245046069314
32.29166666666667
187.94382599170348
0.6538461538461539
0.8938095238095239
0.25255249300434063

RAN













RAN













RAN













RAN













RAN













RAN
35.68829266477327
61.27467577037768
2.285106450477813
4.400000095367432
4.406121667546974
40.094414332320234
189.3604063277186
32.98969072164948
204.40027691863776
0.7115384615384616
0.8759523809523809
0.2430493539932105

RAN
52.04016608630713
213.33323685353608
2.3392857181440507
5.699999809265137
4.444624176125762
56.48479026243294
73.22904341391842
65.09433962264151
241.38480668236906
0.7364864864864865
0.7686224489795918
0.2546112650404406

RAN
34.80217249517633
60.559046993046806
2.4122449276702747
5.699999809265137
4.474615167921135
39.27678766309749
198.4284267966036
39.09090909090909
211.1369493576501
0.7089552238805971
0.9011111111111111
0.2618061836550082

RAN
46.22424278489509
205.60000000447025
2.682812550687231
5.699999809265137
4.613515078782897
50.83775786367804
85.11494252569852
50.955414012738856
267.38158080370357
0.7467532467532467
0.8701058201058202
0.3074336204895581

RAN













RAN
41.41275533293779
119.42967013698913
2.4930232846459677
4.5
4.455944648886699
45.8686999818245
105.61824413240217
42.592592592592595
183.86987773443732
0.657258064516129
0.9126984126984127
0.18913636699392566

RAN













RAN
42.6892406602302
87.86505148735968
2.640845091934775
5.699999809265137
4.581353610264484
47.270594270494726
185.2164824623059
43.83561643835616
312.2245063215966
0.823170731707317
0.8099999999999999
0.30167455284357814

RAN
40.782331884330496
62.680248043206745
2.044642902378525
4.5
4.409921244973884
45.19225312930439
200.73541500192658
40.35087719298245
229.7415098374388
0.7573529411764706
0.8122448979591838
0.1862080626351946

TBF
27.17718606336729
51.03140417757138
1.0890625201864168
3.1999998092651367
3.65891213165311
30.83609819502043
224.97533889301582
23.52941176470588
199.13432741192563
0.6955128205128205
0.8159788359788359
0.34151694313677455

TBF













TBF
28.748116141554064
65.0
1.1181818400368546
2.299999952316284
3.657310658646043
32.40542680020012
196.9469460068907
31.746031746031743
223.93749992764913
0.7093023255813954
0.7762962962962963
0.385218499841552

TBF
27.73690571813484
46.94495247273993
1.002040835971735
2.0999999046325684
3.5565684244693623
31.29347414260423
214.67973021302927
8.108108108108109
150.10692242749653
0.6213235294117647
0.7853174603174603
0.35393428827113543

TBF
24.04292867734577
42.12480434343828
1.034782628002374
2.200000047683716
3.5772575003398446
27.620186177685632
221.59705946379407
9.859154929577464
140.01365359697954
0.60546875
0.7928571428571427
0.2769073818969423

TBF
27.241546934403228
47.6041539914825
1.08541668811813
2.200000047683716
3.60446392830321
30.846010862706464
218.386818738777
12.048192771084338
165.24527760657855
0.6267123287671232
0.7832010582010582
0.3310593229334524

TBF
25.822731083260575
53.665735734016735
1.1298245786313426
2.5
3.6796749458860813
29.50240602914666
203.428049370077
16.666666666666664
191.2236899639567
0.7
0.8181972789115646
0.3143183954855324

TBF
26.777676298703387
51.88717052414937
1.0264151169444031
1.2000000476837158
3.565267373666095
30.342943672369515
201.705249199795
9.333333333333334
156.2752444758014
0.6397058823529411
0.8949206349206349
0.37846463130006497

TBF
26.782154268826773
56.98170451977277
1.1321428802662663
2.200000047683716
3.666486122952725
30.448640391779506
197.61353284375153
17.582417582417584
197.31558434206838
0.71
0.8490740740740741
0.42520462030648126

TBF
27.1400822191135
49.83682579652823
1.209090928349531
3.1999998092651367
3.711459981914028
30.85154220102752
245.31755507347296
30.17241379310345
214.09695509820233
0.7067901234567902
0.805978835978836
0.2589295960051771

TBF













TBF
30.818398276920323
48.96461777809772
1.0268656956170923
3.3000001907348633
3.6834165070160076
34.50181478393638
222.60286739919593
47.794117647058826
184.26733584783753
0.6971830985915493
0.8295068027210885
0.3300879935915092

TBF













TBF
28.154673830096172
51.88804924058907
1.0000000166205258
2.200000047683716
3.5880887740496976
31.742762604145884
204.2618598582382
18.88888888888889
172.74349456415285
0.660958904109589
0.7893867243867242
0.33773696973786876

TBF
37.115271744569995
68.58251338313555
1.065432117401082
2.5
3.7948838865114265
40.9101556310814
211.40108726265197
60.60606060606061
280.4906924373241
0.804945054945055
0.7752910052910054
0.3398829360480458

TBF
25.672492829437356
46.452323112277796
1.033333355013062
2.200000047683716
3.5833769129578275
29.25586974239519
224.57200533447877
12.345679012345679
161.02743652265306
0.6338028169014085
0.7843537414965988
0.2906281964008602

TBF
33.95801575607264
70.39737040530241
0.9576923279808118
2.0999999046325684
3.607918401138538
37.565934157211196
204.87012891272252
33.80281690140845
258.9833500877597
0.7632978723404256
0.8226190476190476
0.47725735641353695

TBF
24.850796796588813
41.89790719166418
0.931481498397059
2.299999952316284
3.5611516929796796
28.411948489568488
255.41413213850882
15.66265060240964
163.0607585463743
0.6535714285714286
0.7492857142857142
0.2670931051442623

TBF
26.770894193977686
51.31460762810015
1.0020833538534741
2.200000047683716
3.580269038413945
30.35116323239165
206.5861304871274
19.767441860465116
176.40254884979112
0.717391304347826
0.8382539682539681
0.26724505706284235

TBF













TBF
23.431014384776667
43.954360352526905
0.9362069143560426
2.200000047683716
3.571230764319357
27.00224514909602
236.15372927290352
3.896103896103896
160.98155553762314
0.6047297297297297
0.71984126984127
0.26499375784169865

TBF
28.49064595795492
53.69970990042249
0.9888889084535616
2.0999999046325684
3.561209312174881
32.051855270129806
204.24563058504717
15.476190476190476
170.10701954706224
0.6690140845070423
0.7647619047619048
0.38247981164712214

TBF
36.929500165095135
67.79072833659416
1.2466666916178333
3.3000001907348633
3.8531690174327196
40.782669182527826
236.18016943144866
53.69458128078818
302.6587369409111
0.8324468085106383
0.825026455026455
0.4569055599084485

TBF
24.54804780529533
40.03642014204449
1.0419354979549684
2.200000047683716
3.5288707416777765
28.076918546973094
199.5690790114269
7.936507936507936
102.42428890962194
0.5043103448275862
0.6553571428571429
0.23654381570923025

TBF













TBF
39.67377411465426
79.20387763712922
1.1415841763857568
3.4000000953674316
3.7929005929569786
43.46667470761127
214.19519321312904
61.278195488721806
321.8882662447911
0.8203883495145631
0.7295574795574796
0.408035011436523

TBF
27.26755127539758
59.52666826963637
0.9705882561119163
2.200000047683716
3.6284802507577263
30.8960315261553
201.18765675153
15.217391304347828
196.8269620384292
0.6923076923076923
0.8116666666666666
0.326784276193001

TBF
28.381983802647465
59.699999332427986
1.004000019232432
2.5
3.67773972354512
32.05972352619259
243.58974715072202
33.56643356643357
259.5003876869381
0.7473684210526316
0.7792063492063491
0.4082866807812373

TBF
28.9390392145353
57.46421074893906
0.9688524763847961
2.299999952316284
3.597259632504652
32.536298847039944
210.55495444878693
16.3265306122449
201.4129710812694
0.6829268292682927
0.7651587301587301
0.42572888760264543

TBF
27.001203050983793
53.77236185947967
0.9596774395435087
2.0999999046325684
3.5718560944602618
30.573059145444066
207.2483894088037
18.947368421052634
190.4461258290404
0.6915584415584416
0.7824074074074073
0.3928139799019758

