AFF
34.85610517291736
67.10024005956716
0.22602740215928588
4.400000095367432
3.214976440813151
38.07108161373051
143.15978515621575
63.31658291457286
118.8545629315964
0.5222602739726028
0.372037037037037
1.0275904535608322

AFF













AFF













AFF
39.99997973981101
72.25242591250102
0.6083333467443784
4.400000095367432
3.317760379410963
43.31774011922196
137.608225066898
66.50943396226415
126.26499576879431
0.5492957746478874
0.44103174603174605
0.9518234836738789

AFF
39.12469766273699
60.09586787676115
0.4604166845480601
3.4000000953674316
3.2967957343390264
42.421493397075984
154.22843435140706
63.06818181818182
117.1576019168527
0.5615384615384615
0.4664285714285714
1.0691091998308426

AFF













AFF
37.526471152456985
67.20000076293945
0.4306451755185281
3.5999999046325684
3.3436923884834164
40.87016354094038
141.51193438693565
61.95652173913043
123.803579370302
0.5375
0.47857142857142865
1.066529167980563

AFF













AFF













AFF













AFF
35.42371794975415
64.93092326070851
0.3235294281267652
3.3000001907348633
3.2712260911072093
38.694944040861344
153.69388699202474
60.86956521739131
124.02477351661985
0.5381944444444444
0.39134920634920634
1.1774569716875696

AFF













AFF













AFF
38.652737527317456
58.488520197073605
0.13333333673931302
3.4000000953674316
3.0947018331101424
41.74743936042758
134.0342410118185
58.45070422535211
109.47090076585788
0.6091101694915254
0.5115646258503401
1.2741169324240171

AFF
38.61828687212915
68.46403114236728
0.19375000894069672
3.4000000953674316
3.202974398771477
41.8212612709006
166.78345754974941
66.14173228346458
164.65500774030673
0.6155523255813954
0.3490476190476191
1.172137314246914

AFF
34.41013784279171
55.97658291349793
0.10000000216744163
1.100000023841858
3.0584133352104854
37.46855117800219
157.04269350512405
56.60377358490566
122.49749398553342
0.582427536231884
0.4471428571428572
1.1298573105051948

AFF
41.00264131223412
62.08838603621984
0.47142859016145977
4.400000095367432
3.2575413144426406
44.260182626676766
115.33226676665495
62.142857142857146
97.18456154822283
0.5766509433962265
0.5711111111111111
0.8282253079236754

AFF
40.10881391947921
80.27418280657241
0.29333334498935276
3.3000001907348633
3.2058916520426983
43.31470557152191
116.62869897077618
60.451977401129945
130.13674391430487
0.5901785714285714
0.4328571428571429
1.2683137534105962

AFF
43.868223321249445
68.6524638277209
0.8000000227581371
4.400000095367432
3.4362847028571837
47.30450802410664
158.18500304151684
65.91928251121077
122.86717407718598
0.4819078947368421
0.5005916305916306
1.2284616684032519

AFF













AFF













AFF













AFF













AFF













AFF













AFF
34.28992694767842
56.31101275492055
0.1145833358168602
2.200000047683716
3.0780759184809847
37.368002866159394
145.67792821640975
59.49367088607595
115.88903275626677
0.595703125
0.47246031746031747
1.0926429509784146

AFF
36.13300377031719
62.35133421090125
0.5661764933782465
3.3000001907348633
3.3862873918962695
39.51929116221349
188.7506013949156
64.03508771929825
143.9371910374878
0.5304878048780488
0.45944444444444443
1.2673970045433858

AFF
39.20811625646941
62.85438957270292
0.2750000078231096
4.400000095367432
3.2442762980683453
42.452392554537745
172.66660225775152
61.69154228855721
133.51634700494375
0.5478896103896104
0.4931481481481483
1.2187372190885442

AFF













AFF













ANF
54.588707152884155
99.46379084625417
2.165217425512231
4.699999809265137
4.395837977663715
58.98454513054786
167.66359801031874
61.53846153846154
102.7299500419356
0.2652777777777778
0.937063492063492
0.38144366093165716

ANF













ANF













ANF













ANF
38.90907849093995
76.10871121153134
2.434782650159753
5.400000095367432
4.477927100344906
43.38700559128487
161.6716042327246
40.17857142857143
78.27917662032584
0.26492537313432835
1.0
0.4831659469236278

ANF
37.557406464714354
69.51535245700806
2.1180000352859496
4.5
4.302329774873079
41.859736239587434
164.76816488539745
37.142857142857146
68.89856363856671
0.24242424242424243
1.0
0.45327146850310346

ANF













ANF













ANF
31.92362417026626
53.662947409583836
2.0659574777521987
4.5
4.194259649739436
36.117883820005694
206.1388595617139
25.287356321839084
61.590818874580464
0.23076923076923078
1.0
0.38615971294090223

ANF













ANF
37.67455087606142
76.80000028610229
2.0902439472151966
4.400000095367432
4.195984293990283
41.8705351700517
118.53541975133916
33.33333333333333
54.361664864768244
0.2512019230769231
1.0
0.403929184822549

ANF













ANF
32.90396888131516
63.19999532997609
2.228846183189979
4.5
4.357845918910113
37.26181480022529
196.50989529834592
33.33333333333333
84.37467532393076
0.2734375
0.9897959183673469
0.5465908538288262

ANF
44.855554457551506
79.84791211717052
2.435483899808699
5.400000095367432
4.565300581145856
49.42085503869739
202.98432949160267
46.75324675324675
99.41714495011558
0.26448170731707316
0.9916666666666667
0.5722867880919492

ANF
38.938605877782194
69.66105777371999
2.1660377439462914
5.699999809265137
4.33293823784211
43.27154411562431
197.85092114086308
40.49586776859504
73.5832178231321
0.23958333333333334
1.0
0.37848493049656806

ANF
50.6942473359513
89.1000026732683
1.9883333643277485
4.5
4.297232946576433
54.991480282527746
166.62146023417407
59.390862944162436
99.77358019077526
0.296875
0.9362962962962963
0.4729809155070372

ANF
38.12142505785238
67.7825439199647
2.1509091048078104
4.699999809265137
4.391125968531577
42.51255102638396
180.9220119748327
45.16129032258064
70.67778206850836
0.23805147058823528
0.9733333333333334
0.5451107554417752

ANF













ANF













ANF













ANF
43.535511386177745
88.43638526893213
2.509259303410848
4.699999809265137
4.492949495726511
48.02846088190429
148.21463806175043
53.14685314685315
70.50937072426439
0.23507462686567165
1.0
0.4864015425382291

ANF
39.87165906789549
76.72745854175412
2.0269841674774414
4.699999809265137
4.304683126185287
44.176342194080796
197.71152371056925
43.884892086330936
89.96787349842965
0.2724358974358974
0.985925925925926
0.5085314289738375

ANF
42.18879012233942
79.36114441801931
2.146808555785646
4.400000095367432
4.341695388396609
46.53048551073605
151.2401168959848
41.964285714285715
71.72052857497097
0.2567307692307692
1.0
0.4926533030808337

ANF
34.9089365618579
74.36369732396848
2.182000031024218
4.400000095367432
4.378056427694152
39.286992989552076
177.98540483003086
36.93693693693694
78.26100003828462
0.26160714285714287
1.0
0.5133266248880056

ANF
32.55735667034893
54.09073048308846
2.060000035497877
4.400000095367432
4.19060021514926
36.74795688549819
218.08106235962998
27.55102040816326
75.52208392723797
0.25528169014084506
1.0
0.4991352452728667

ANF
33.25198514278058
61.06092156341693
2.232758639187648
4.699999809265137
4.367191373081802
37.61917651586244
228.86782926999146
29.464285714285715
97.59992368694316
0.2911392405063291
1.0
0.601486083583445

ANF
41.05246571034855
66.4067076944233
2.0704545703801243
5.400000095367432
4.217906907129648
45.270372617478216
164.81320041612307
47.368421052631575
65.55536923204485
0.2604166666666667
1.0
0.41647310976562096

ANF
37.28002037689037
70.99999980926515
2.196610218387539
4.400000095367432
4.349021219765888
41.62904159665627
209.47394057476862
38.28125
88.56120642656161
0.2602848101265823
0.9682539682539684
0.5586974527013737

ANF
39.05830294656365
66.50000219345094
2.11875003327926
5.400000095367432
4.282990436566189
43.34129338312985
180.97626135352888
32.35294117647059
75.76537833034818
0.2608695652173913
1.0
0.485514348840483

ANF
33.47491991556778
59.89464850457347
2.323255835577499
4.699999809265137
4.404863735546485
37.87978365111429
183.47390923958577
28.57142857142857
76.13441269073105
0.2721153846153846
1.0
0.4749843888863982

LBG













LBG













LBG













LBG
32.5994485463039
59.7082724402197
0.2828571557998657
3.3000001907348633
3.1659029402523324
35.765351486556234
123.74127090900429
38.94736842105263
74.03550493306459
0.40948275862068967
0.5266666666666667
0.47632201089629306

LBG
36.31789931276596
64.00840577898828
0.35483872505926317
3.3000001907348633
3.2437891802991152
39.561688493065084
166.47498158073978
41.66666666666667
115.21858878199477
0.4586038961038961
0.4094708994708995
0.7319422642830722

LBG













LBG













LBG













LBG













LBG













LBG
33.222343024049295
52.74165089686733
0.20625000447034836
2.200000047683716
3.1281706205465967
36.350513644595885
144.78172490900374
43.80952380952381
73.96416222323523
0.4046610169491525
0.5551587301587302
0.5322272271714701

LBG













LBG
33.797155411433316
60.0280974237292
0.195384616118211
3.5999999046325684
3.1482794851785263
36.94543489661184
191.91415000290857
44.07894736842105
120.7614361089864
0.4536764705882353
0.3656878306878307
0.7329188228429179

LBG













LBG
28.776430093888383
52.83257823196981
0.18333334014529273
3.3000001907348633
3.1271198199523553
31.90354991384075
151.61233900395314
34.73684210526316
80.77945193304873
0.4264112903225806
0.4296825396825397
0.7517203252113722

LBG
34.56557512935161
56.44195223816587
0.12941176984824387
3.3000001907348633
3.0856875331517175
37.651262662503335
167.47105929070867
47.22222222222222
105.41542844500887
0.4498355263157895
0.41714285714285715
0.36374066283270357

LBG













LBG
33.07962917812002
52.497425228416866
0.22894737124443054
4.300000190734863
3.2007514812002693
36.280380659320286
193.22649217058475
51.49700598802395
136.54344151156963
0.5308641975308642
0.47394179894179905
0.500450742172163

LBG













LBG













LBG













LBG













LBG













LBG













LBG













LBG













LBG
35.91681154805852
61.25020701304764
0.2383333404858907
4.400000095367432
3.1817936163013307
39.09860516435986
162.9543511466213
41.86046511627907
109.58956253415887
0.475
0.42571428571428577
0.5955651289248547

LBG
34.756294424271005
54.4191564285707
0.3419354884855209
4.699999809265137
3.267933860232331
38.02422828450334
198.2426398617365
43.83561643835616
124.6161176598717
0.4794207317073171
0.3362770562770562
0.797812250780558

LBG
34.0540532796479
64.48489655846626
0.2026315864763762
3.3000001907348633
3.135901596193297
37.189954875841195
127.81390615635357
46.95652173913044
103.53529686637307
0.5502049180327869
0.511904761904762
0.5302942036913577

LBG
32.770090869341836
47.62932855678598
0.760000005364418
4.699999809265137
3.4362963079161446
36.20638717725798
195.63922811505353
47.15447154471545
95.64278266969484
0.4519230769230769
0.47920634920634914
0.351955412894841

LFF













LFF













LFF













LFF













LFF













LFF













LFF













LFF
25.797950457272496
40.032958010864235
0.0
0.0
3.0
28.797950457272496
225.5223895824515
7.142857142857142
32.4375
0.16634615384615384
0.2522222222222223
0.20057839562819943

LFF
24.21513661036546
42.04967598771858
0.0
0.0
2.999979680007
27.21511629037245
202.31961084813457
7.246376811594203
47.999837440056005
0.25
0.3068518518518519
0.2263804125386205

LFF
18.756023024774183
36.77367735882586
0.0
0.0
2.998991376904468
21.755014401678643
292.6926110425626
18.75
59.22842987114606
0.2532051282051282
0.24238095238095234
0.2872310253774146

LFF













LFF













LFF













LFF
24.154404249967342
38.80368250212775
0.0
0.0
2.9993940549690263
27.153798304936366
245.31806478837882
5.405405405405405
43.49204697146847
0.20714285714285716
0.23166666666666663
0.1879630907007994

LFF













LFF













LFF













LFF













LFF













LFF













LFF













LFF













LFF
23.866148466928948
43.61250962679807
0.0
0.0
3.0
26.866148466928948
146.90127154912574
9.433962264150944
19.875
0.13802083333333334
0.40888888888888886
0.2140389861007414

LFF













LFF













LFF













LFF













LFF













LFF
22.00923527917847
39.10289662335926
0.0
0.0
3.0
25.009235279178466
171.89892263307217
10.526315789473683
28.6875
0.1875
0.37210884353741497
0.1813000796278069

LFF













RAN













RAN













RAN
40.30783437068217
75.07902839414767
2.0171875413507223
4.699999809265137
4.385808542584644
44.693642913266785
183.04603747887472
41.86046511627907
71.38773381807852
0.22416666666666665
0.8016137566137566
0.3058235331077687

RAN













RAN













RAN













RAN













RAN













RAN













RAN













RAN













RAN













RAN













RAN













RAN













RAN













RAN













RAN













RAN













RAN
36.58317494835999
141.00712723389995
1.99629635281033
4.400000095367432
4.261624230353053
40.84479917871307
92.5819936108075
35.84905660377358
61.25738567984713
0.21691176470588236
0.869047619047619
0.3566538221673121

RAN













RAN













RAN













RAN
50.59577596800991
280.50000249147405
2.384444472524855
5.699999809265137
4.32895287645263
54.92472884446254
46.68173872589099
62.874251497005986
49.67185953925042
0.18850806451612903
0.824126984126984
0.2653900447654869

RAN













RAN













RAN













RAN













RAN













RAN













TBF













TBF
26.09161662498658
45.66026049757105
1.0953125191153958
2.5
3.658764384379278
29.75038100936587
290.6561291182535
7.6923076923076925
52.76918736774828
0.17261904761904762
0.782222222222222
0.414130664270197

TBF













TBF













TBF













TBF













TBF
25.469711174586223
47.623244192048226
1.1094339799206212
2.5
3.6078782655441657
29.07758944013039
218.70090398583855
2.666666666666667
40.848414962407496
0.1558219178082192
0.8250000000000001
0.34253151846973356

TBF













TBF
23.764738298433386
43.55679302507583
1.0183333533505599
2.0999999046325684
3.559348605256625
27.324086903690034
285.8062322940538
3.488372093023256
56.53026011181407
0.1897590361445783
0.7956613756613756
0.4511157495333263

TBF
27.67783277220158
47.87120149869752
1.055357162175434
2.5
3.6037697418284402
31.28160251403003
230.29543305218985
1.282051282051282
43.371426417569616
0.15584415584415584
0.789047619047619
0.34651226766828785

TBF













TBF













TBF













TBF













TBF
25.138287704042273
40.420284513937546
1.0310345001775643
2.0999999046325684
3.4617824114177105
28.600070115459996
185.7132164568403
0.0
20.86390809645251
0.11438679245283019
0.7098412698412699
0.21488407559379863

TBF













TBF













TBF
28.40856902558266
50.24147486365068
1.06417912667367
2.5
3.5993602051654174
32.00792923074811
267.9446390085315
8.333333333333332
58.2427563304186
0.1825284090909091
0.7950264550264551
0.37410937183804177

TBF













TBF
26.773469596600684
41.23278591588454
1.0446428772328156
2.0999999046325684
3.585706418358643
30.359176014959328
260.4231850114218
6.25
47.14813320700998
0.175
0.8001700680272109
0.4654147637339212

TBF













TBF
26.624091829190444
60.434004274135226
1.0854545659639618
3.3000001907348633
3.617318035072118
30.241409864262543
197.98098867311887
11.235955056179774
50.792109743743666
0.17958860759493672
0.800952380952381
0.4299609205473718

TBF
27.235927138068654
69.79999933242799
1.090909111567519
2.5
3.613490131180793
30.849417269249482
181.5097972411801
9.67741935483871
66.24300068063756
0.21726190476190477
0.80505291005291
0.42054315055316893

TBF













TBF













TBF
27.703314121326393
54.54450771865483
1.022972994358153
2.0999999046325684
3.590709682688241
31.294023804014643
226.8014674070919
8.695652173913043
58.897490425292986
0.1956845238095238
0.7983766233766233
0.5543199976020038

TBF
28.60150338864159
55.80000096261503
1.2743243527774875
3.4000000953674316
3.7781764620571074
32.37967985069874
254.67178749666357
31.060606060606062
79.20656813425131
0.22939560439560439
0.791984126984127
0.4920457383367509

TBF













TBF













TBF













