AFF













AFF













AFF













AFF













AFF













AFF
45.09300255835184
82.00000019073485
0.7444444607805323
3.5999999046325684
3.585766965226421
48.67876952357828
138.87742386023217
75.88424437299035
215.93829187419587
0.8025
0.5593650793650794
0.46460179155691655

AFF













AFF













AFF













AFF













AFF
48.78462007155476
82.33295422917067
0.9606060765006326
4.699999809265137
3.5746526509379155
52.35927272249266
112.54429452853651
75.20325203252033
171.02144123824678
0.7930327868852459
0.6192063492063492
0.34931640946106507

AFF
48.19688486860201
78.01611640360062
0.7846153905758491
4.699999809265137
3.5647136122311993
51.76159848083318
133.08664643798514
77.77777777777779
187.33622781394814
0.7858455882352942
0.5694444444444444
0.3399756882006671

AFF













AFF













AFF













AFF













AFF













AFF













AFF













AFF
45.52856829280758
80.68481683225555
0.4909090974114158
3.5999999046325684
3.3500458433907436
48.87861413619834
129.81176246967084
75.40983606557377
202.2419948557013
0.815
0.4554761904761904
0.46356325029921697

AFF













AFF













AFF













AFF
42.13293728861335
87.85023757595155
1.066666685617887
3.5999999046325684
3.6069580930629375
45.73989538167629
130.8514827701691
74.13793103448276
211.66354882689276
0.79
0.596984126984127
0.5379592806712505

AFF
46.76450367548411
80.08575564572584
0.6487179719484769
3.3000001907348633
3.38548725226955
50.14999092775366
109.27204103251101
73.0232558139535
160.38293055777424
0.8146551724137931
0.557936507936508
0.41617890045222145

AFF













AFF













AFF
45.71536187652161
78.76482286180456
0.4949152631274724
3.5999999046325684
3.381034337047107
49.096396213568724
133.63957540368014
76.875
201.24085543409262
0.8158783783783784
0.5331746031746032
0.33087035274130433

AFF
46.54651257866897
73.50000057220458
0.6461538580747751
3.5999999046325684
3.479742410895426
50.0262549895644
145.67970890148163
74.30555555555556
218.29532358254892
0.8488175675675675
0.5430158730158731
0.512443268996161

AFF













ANF
34.5531103228176
55.28291820909874
2.063414678341005
3.5999999046325684
4.195475448227911
38.74858577104555
185.28242383250756
32.25806451612903
172.38278310104127
0.6577380952380952
1.0
0.36541566201526327

ANF













ANF
36.272270588786895
76.7739875230644
2.3574074308077493
5.400000095367432
4.481338579956469
40.75360916874336
186.17577192266782
41.40625
215.9891767348459
0.6525
0.9904761904761905
0.38040530608076295

ANF













ANF
41.47798016594964
92.89077056461876
2.3746478974189555
5.699999809265137
4.529855178195778
46.007835344145406
179.88873195996928
55.32994923857868
278.7754625400641
0.7137784090909091
0.9598364598364599
0.3429017474185352

ANF













ANF













ANF
36.18159286365533
64.09742796355624
2.375609804944294
5.699999809265137
4.442588959950513
40.624181823605866
167.83717149036406
35.41666666666667
179.57788627489964
0.65625
1.0
0.4135739893875202

ANF













ANF
36.45139742224001
66.10000038146973
2.192857156906809
5.699999809265137
4.425507585790766
40.87690500803079
205.2520502057894
45.13888888888889
229.2360252225509
0.6598101265822784
0.98
0.33219854543951066

ANF













ANF
35.87345055032563
70.91138945475049
2.2363636520775882
5.400000095367432
4.360606103776663
40.234056654102325
167.19405329574457
41.07142857142857
185.06893015244026
0.6363636363636364
1.0
0.39663390792453457

ANF













ANF













ANF













ANF
34.17356177846996
55.36885403673166
2.1060606385722305
4.5
4.186769722933987
38.36033150140397
181.9298185013232
31.46067415730337
159.43375081934357
0.6270491803278688
1.0
0.3952997950837091

ANF













ANF
32.73603540398086
69.0000026702881
2.3666667143503823
4.699999809265137
4.243350129160176
36.979385533141034
135.82937897490083
34.146341463414636
138.54669489671534
0.6145833333333334
1.0
0.45210133918238804

ANF
38.19699001866259
74.32276307425776
2.029787263971694
3.5999999046325684
4.220092211742287
42.4170822304049
169.27447444565178
34.285714285714285
205.66363617324595
0.7119565217391305
0.9904761904761905
0.5399710742620765

ANF
47.50580376683213
87.98649480499232
2.2876712720688075
4.400000095367432
4.479931486285411
51.98573525311755
175.5763774546335
54.54545454545454
225.87321192015136
0.628125
0.9558441558441558
0.4618225512532941

ANF
41.58947869641284
96.49999304115771
2.12968754733447
4.699999809265137
4.40137406600671
45.990852762419564
153.87132064264964
49.03225806451613
237.28370288023177
0.6906645569620253
0.9703703703703703
0.4019278331376069

ANF
38.84343304949317
96.14039082630457
2.500000030612168
5.400000095367432
4.522337126637691
43.36577017613086
145.28836158472316
50.0
208.44839420995774
0.6838235294117647
1.0
0.3830283713199005

ANF
40.81300717872006
75.85493721650657
2.3461538828336277
4.699999809265137
4.419859197185168
45.232866375905274
176.1829458688508
49.6551724137931
208.93672156226188
0.6601027397260274
1.0
0.32347065638529177

ANF
36.22514890563369
65.86451840907827
2.2897959485345956
4.5
4.288714605057372
40.51386351069103
184.57209278280325
40.17857142857143
197.58513075422204
0.6996268656716418
1.0
0.3153400109329575

ANF
41.66353132191508
97.10000276863573
2.0787879264715947
4.400000095367432
4.338263842879227
46.001795164794316
157.53122275722566
43.57142857142857
236.14451584300855
0.6930379746835443
0.9675925925925927
0.4391631430367731

ANF
35.47362153810323
89.17550424744633
2.223076962507688
5.400000095367432
4.257962470085412
39.73158400818862
145.22760210506178
29.411764705882355
190.63304537352099
0.640625
1.0
0.48026798627852135

ANF













ANF













ANF
36.62714511911378
81.20000028908252
2.3173077266949873
5.400000095367432
4.397501602356876
41.024646721470674
151.06017813780767
38.18181818181819
166.56820233952743
0.5625
1.0
0.40358708460688975

ANF
34.978294650670485
62.87158079074771
2.4137255514369294
4.400000095367432
4.363832950346243
39.34212760101673
190.1634206986365
44.44444444444444
193.1210008551525
0.6923076923076923
1.0
0.4347838847663735

LBG













LBG
39.347825834117124
66.3371290216362
0.6120689696279066
4.399999618530273
3.4378494511874202
42.78567528530456
157.591082136535
59.57446808510638
192.21080514892859
0.7574013157894737
0.4915079365079365
0.42684568006204493

LBG













LBG













LBG
38.18769078291323
72.39999494552613
0.6339285799435207
4.400000095367432
3.5030405623760603
41.69073134528929
137.5701231104201
59.77011494252874
189.91403705302258
0.7875
0.5522222222222223
0.2725175319055442

LBG













LBG
36.59031052423118
62.16070619470067
0.2704918150041924
3.3000001907348633
3.233642437110736
39.82395296134192
153.95447711926434
56.52173913043478
180.35978883298216
0.7982142857142858
0.5246825396825398
0.28031644297445746

LBG













LBG
38.60395871305047
67.699995136261
0.5818181986158545
4.400000095367432
3.4428420023290665
42.046800715379526
153.18380969545964
58.68263473053892
182.620904310716
0.779891304347826
0.5312698412698412
0.17985076767544056

LBG













LBG













LBG
35.4681224404098
71.19152588814899
0.4936170172184072
4.699999809265137
3.348016543307414
38.816138983717195
141.7920383931713
59.30232558139535
176.5866419341361
0.7714285714285715
0.6033333333333333
0.3311249330421824

LBG













LBG













LBG













LBG













LBG













LBG













LBG













LBG













LBG













LBG













LBG













LBG













LBG
38.29404314615495
62.40649181432504
0.3750000099341075
3.5999999046325684
3.324922919172357
41.61896606532732
150.53514433737342
61.1764705882353
174.2633556237896
0.7926136363636364
0.5785185185185184
0.33165312297179517

LBG
38.42149603498765
61.866994430875074
0.6915254451460757
3.3000001907348633
3.4313640186092558
41.85286005359691
160.04164180657327
55.1948051948052
173.99832319169602
0.7364130434782609
0.5291269841269841
0.33305012381467314

LBG
36.83634448899563
63.602885812094485
0.22708333283662796
3.1999998092651367
3.1859863159365127
40.022330804932146
136.0751282867544
56.86274509803921
156.89288844385308
0.75
0.5153174603174604
0.34898030383534034

LBG













LBG













LBG













LFF













LFF













LFF













LFF













LFF
22.429958079604532
43.04946864869453
0.22444445027245416
2.200000047683716
3.138769933257882
25.568728012862408
201.34609990452404
18.181818181818183
107.83593967321744
0.5446428571428571
0.3466666666666667
0.17800735133326867

LFF













LFF













LFF













LFF













LFF













LFF













LFF













LFF













LFF













LFF













LFF
21.22325508281831
38.39230184148888
0.06875000149011612
1.100000023841858
3.0473185159595024
24.2705735987778
201.52767767804193
11.29032258064516
101.03344439166474
0.6034090909090909
0.3648809523809525
0.12656383607138436

LFF













LFF













LFF













LFF
27.971213231404047
42.03139853104847
0.02340425582642251
1.100000023841858
3.0204923869754396
30.991705618379484
200.62659494717636
10.0
108.29288264229476
0.5684523809523809
0.299092970521542
0.20305265208062667

LFF













LFF













LFF
20.292181855130945
39.8205500188946
0.04583333432674408
1.100000023841858
3.0376612578603326
23.329843112991277
243.6509992240958
9.210526315789473
121.82224266661922
0.5815217391304348
0.2888888888888889
0.2234514474020302

LFF













LFF













LFF













LFF













LFF













LFF













LFF













RAN













RAN













RAN













RAN













RAN













RAN













RAN
34.239508682540986
78.23434972705505
2.150000011920929
4.400000095367432
4.1827293372819305
38.42223801982289
113.5010770992827
29.166666666666668
96.70657730094256
0.45588235294117646
0.9331632653061225
0.21716064529035758

RAN













RAN
33.14217278223085
111.43404490792427
2.1452381355421886
5.699999809265137
4.248107374605587
37.39028015683644
102.08082008811081
37.89473684210527
121.41421384358046
0.4830508474576271
0.8865079365079365
0.2948362023407619

RAN













RAN













RAN













RAN













RAN













RAN













RAN
44.80422941282498
77.79999513626099
2.3289474123402645
4.699999809265137
4.357832207955932
49.16206162078091
144.08190273175495
44.14414414414414
138.63541405870347
0.5171370967741935
0.9124338624338624
0.2646678245739318

RAN
43.56387932444822
100.08950460003354
1.836923122062133
3.5999999046325684
4.1633090044588155
47.72718832890707
132.66719682422976
50.349650349650354
200.05687439804174
0.670774647887324
0.7923933209647496
0.28091206782882794

RAN













RAN













RAN













RAN













RAN













RAN













RAN
42.767343794581166
138.39464489059884
2.141666720310847
4.400000095367432
4.384334724484626
47.15167851906581
98.08898184086071
43.80165289256198
158.4846791502582
0.5321691176470589
0.8556122448979593
0.2249121100443789

RAN













RAN













RAN
39.34025832252722
272.61030825931164
1.8327586749761269
4.400000095367432
4.1186540465260935
43.45891236905334
58.043667932962855
54.80225988700565
202.16153452281364
0.61171875
0.8266666666666667
0.36176077030409226

RAN













RAN













RAN













TBF













TBF
21.63266095210378
38.71148737892924
1.0645833543191354
2.299999952316284
3.536809948148204
25.169470900251994
260.2216941995271
5.47945205479452
125.46615750582264
0.5108695652173914
0.8058730158730157
0.29518103404222445

TBF













TBF













TBF













TBF













TBF













TBF













TBF













TBF













TBF













TBF













TBF
26.79467739775711
44.85129161664422
0.9492753800274669
2.5
3.5711202835364952
30.36579768129364
239.61036920406417
25.773195876288657
118.8552114782346
0.4583333333333333
0.726017316017316
0.315624474820133

TBF
23.966472125902417
42.93148819855432
1.0714285865426063
2.0999999046325684
3.506911035740904
27.47338316164331
212.59393706358162
0.0
78.61095637263651
0.35685483870967744
0.7277777777777779
0.2291025489219389

TBF
26.296084766811298
52.00000000000001
1.0126582454842856
3.1999998092651367
3.659238841635828
29.955323608447163
270.10783544303774
27.34375
214.59758022468236
0.6310483870967742
0.781084656084656
0.47454597382988534

TBF
26.176916711221878
42.05014722337025
1.0654545663432642
2.200000047683716
3.5907310297681763
29.767647740990085
250.22784864159098
14.634146341463413
156.4723504935879
0.61875
0.86
0.37412519187866733

TBF
26.920881434298444
43.847292064401685
1.0325581618519717
2.200000047683716
3.5534191728940936
30.47430060719253
204.78899587300458
3.225806451612903
95.17682059478801
0.446875
0.7617989417989417
0.30418337998396217

TBF
22.579173387895505
44.54396457352694
1.0260000211000442
2.0999999046325684
3.5946057932605715
26.17377918115608
212.97094950977976
8.21917808219178
130.07860091276146
0.5401119402985075
0.8104761904761904
0.322557384965937

TBF













TBF













TBF
26.31988280466932
41.738827666009136
1.0423077121376991
2.0999999046325684
3.5750864612813333
29.89496926595066
261.3861266426022
0.0
115.13019965842167
0.4392123287671233
0.7817460317460317
0.29407150328857684

TBF













TBF
22.169393390589725
41.255489363247726
1.1469387994432936
4.300000190734863
3.634532736663516
25.80392612725325
248.48235940785233
2.857142857142857
126.77936911575375
0.5128676470588235
0.8002380952380953
0.33344784070467565

TBF













TBF
25.959275122658596
42.83047718102224
1.082352959057864
2.200000047683716
3.590296421676115
29.549571544334714
253.35445543597046
2.7027027027027026
138.77546128313202
0.5390625
0.7904761904761907
0.32549864067858614

TBF
25.698179571259384
41.923891158814286
1.0292683154708002
1.2000000476837158
3.5004950651476707
29.198674636407056
229.00827224364457
12.5
107.82388328258776
0.4851190476190476
0.7588888888888888
0.30071187570634395

TBF
29.60298969283992
59.49999904632569
1.0957143062991754
2.299999952316284
3.672755490535087
33.275745183375044
218.27837187581142
29.166666666666668
171.60027316142722
0.5470588235294118
0.8476984126984127
0.3584985860150548

TBF













TBF
26.57151105200758
45.54498124515926
1.1086956683708273
2.299999952316284
3.597823804163188
30.169334856170764
220.61976420452174
17.28395061728395
140.8948103484724
0.582089552238806
0.7498412698412696
0.35438943807769446

TBF













