AFF
46.00808398971528
84.6500176667241
0.7353846073150635
3.5999999046325684
3.546604598735688
49.554688588450965
144.53375189510763
73.64864864864865
220.63790691315597
0.7980769230769231
0.4766233766233766
0.42734315959578617

AFF
54.5311862870728
97.39980733991584
0.7575000017881394
5.400000095367432
3.6012634916362734
58.132449778709066
154.03049465364572
79.9154334038055
297.5712825723361
0.8703947368421052
0.4873136123136123
0.39952752219650983

AFF
48.01811539514429
89.3999994277954
1.1260869710341743
3.5999999046325684
3.6818261090691395
51.69994150421347
128.93751353207568
75.51724137931033
211.58579122590203
0.8028169014084507
0.6241269841269842
0.24958699848791854

AFF
39.19127334399113
81.12277090341479
0.5014925430070108
3.5999999046325684
3.383254412219451
42.5745277562106
137.9901968866891
68.22033898305084
209.0509975713729
0.8275
0.5046825396825397
0.3067215315324365

AFF
46.729381751076716
73.66187295749843
0.769565236741218
3.5999999046325684
3.591084547335829
50.32046629841255
170.6740538026752
76.27118644067797
246.0448629651536
0.8147321428571429
0.5217460317460317
0.3269501726211294

AFF
45.992695884791075
88.31927137296721
0.9250000212341547
3.5999999046325684
3.60854589191905
49.60124177671012
134.56119714834156
72.59786476868328
226.23437726330192
0.8181818181818182
0.5658730158730159
0.43493469137483165

AFF
40.5632842887769
79.6919132851267
0.8953125160187483
3.5999999046325684
3.606377633287072
44.169661922063966
154.41620270310773
72.48322147651007
254.09141573377855
0.864329268292683
0.5117027417027418
0.5485575284129774

AFF
43.804441641654215
80.89999980926513
0.596666673819224
4.400000095367432
3.477355961374282
47.28179760302848
138.56497503536485
69.91869918699187
207.40370542975614
0.808277027027027
0.4965343915343915
0.3715261004261002

AFF
48.67700286376104
83.24742134794187
0.6683544373210473
4.5
3.474385806579737
52.15138867034077
169.90055392839415
79.23250564334086
272.9219316724213
0.8600543478260869
0.46312169312169316
0.4629536021388067

AFF
47.40357242922548
103.9513257669561
0.4727272739658108
3.5999999046325684
3.4554705203355924
50.85904294956111
135.86885506022728
74.0
260.2353296219982
0.8282967032967034
0.42236411736411733
0.49624563840677144

AFF
48.664246794534186
92.95085628598021
0.5288461698935583
3.3000001907348633
3.4202801684864395
52.08452696302062
114.19210322927712
74.73684210526315
201.14460680238372
0.8203125
0.5411976911976912
0.3282996960594809

AFF
38.9688923940169
82.00000019073485
0.8673077248609983
3.3000001907348633
3.5712792235484705
42.54017161756535
129.10647880855018
71.07438016528926
218.82894904536846
0.8758928571428571
0.5995238095238096
0.4514142602044784

AFF
41.075913284583
67.20000076293945
0.8709677496264058
3.5999999046325684
3.4972014954486745
44.57311478003171
143.4530966461413
70.3056768558952
194.4506290957451
0.8189338235294118
0.5766666666666665
0.35099689986742033

AFF
45.006354600560414
80.72779874463599
0.6958333535326852
3.5999999046325684
3.6038194406523387
48.610174041212765
160.73757399326664
75.56818181818183
248.96855811755543
0.8045058139534884
0.4931746031746032
0.5209508871426888

AFF
48.24336498085208
86.32463683312317
0.8545454713431272
3.5999999046325684
3.7369200399708675
51.98028502082295
161.4941228370649
76.96335078534031
268.74358921231084
0.8245738636363636
0.5623689273689274
0.42915415920244515

AFF
46.11432897981839
86.44277049601862
0.7833333535072131
3.5999999046325684
3.5363487158679785
49.650677695686376
150.63204753425782
75.07163323782235
251.44832649338156
0.8232758620689655
0.46212842712842706
0.42772927616016737

AFF
43.17522291358749
76.06169261360023
0.6578125171363354
3.5999999046325684
3.427353589315354
46.60257650290285
150.00825992864802
70.84870848708486
223.83943959537842
0.8306962025316456
0.4887830687830688
0.42571853250648506

AFF
36.92125213064906
67.20000076293945
0.7044444508022732
3.5999999046325684
3.451810568981187
40.37306269963023
123.99752299623881
67.2316384180791
167.23154826352052
0.834051724137931
0.5238095238095238
0.27775417068256064

AFF
50.93280411376323
79.18330953665537
1.0022988853783443
3.5999999046325684
3.717451194090946
54.65025530785418
164.82117407564928
80.64516129032258
256.44122781075646
0.8169642857142857
0.46071428571428563
0.4047352267957583

AFF
45.54439808634742
90.19274049259518
0.9425000250339508
3.5999999046325684
3.6726287768075356
49.21702686315494
109.73082540169646
71.875
193.16644860949083
0.8333333333333334
0.5377551020408162
0.413535740700966

AFF
43.40793444362015
78.20684087639117
0.6780487938625056
3.5999999046325684
3.4913661814766663
46.89930062509685
115.83840541338034
71.68949771689498
180.48065999905842
0.8407258064516129
0.6557407407407407
0.4219694234895801

AFF
54.006254662422414
92.64589995694016
0.891549291745038
4.699999809265137
3.6598702938291012
57.66612495625157
159.41959552478897
79.49308755760369
270.65918986115787
0.8300561797752809
0.4992183742183742
0.31303054904331906

AFF
39.02789544505845
67.20000076293945
0.8787234260680827
3.5999999046325684
3.616629729187052
42.64452517424552
150.8335325849809
72.17741935483872
204.53182562550978
0.8233695652173914
0.6
0.3076428319185758

AFF
41.861231480596125
82.01772824072154
0.4474576388375234
3.3000001907348633
3.376537473860709
45.23776895445685
139.55670137282524
70.67669172932331
221.0760758768362
0.8413461538461539
0.5384391534391534
0.63580470342802

AFF
43.67502663574381
83.23994835155507
0.8760000133514404
3.5999999046325684
3.543050065379065
47.21807670112291
122.80976259255353
71.900826446281
193.0092153196333
0.7941176470588235
0.5801587301587302
0.44750366015868653

AFF
45.36036323595587
83.9380559627887
0.9147059111034169
3.5999999046325684
3.597698721470796
48.95806195742666
109.36753243347997
71.21951219512195
168.6870352474621
0.7817796610169492
0.6477777777777778
0.3327584909344385

AFF
42.35675774934643
72.84147139244197
0.9742424217137423
3.5999999046325684
3.6608744589520588
46.01763220829848
157.73556657759087
71.5909090909091
226.37296992896145
0.83
0.6078571428571428
0.5293739829324309

AFF
49.2390484688725
81.59999351501465
0.9867924811705103
3.5999999046325684
3.7451339869939644
52.984182455866446
152.23818732486205
75.47770700636943
237.35150263740837
0.8303571428571429
0.5761904761904761
0.3648871880063317

AFF
44.103748403195645
77.03954437208411
0.8055555710086116
3.5999999046325684
3.5654917307302516
47.66924013392592
148.1062292197696
73.55072463768117
216.24684764415866
0.8321917808219178
0.5543650793650793
0.4350191250988554

AFF
46.414949666309084
83.95513560908537
0.5696428737470082
4.400000095367432
3.4314364345495756
49.84638610085863
139.76273984160815
75.31645569620254
232.0964040929192
0.8701923076923077
0.47047619047619044
0.3839928932346066

ANF
31.026715981835935
53.809143785389324
2.361627954123325
5.699999809265137
4.542095937822776
35.5688119196587
262.7171383620455
28.18181818181818
249.5361037481309
0.7072784810126582
1.0
0.4092624187019883

ANF
30.19691427141631
51.30000047683716
2.414754134709718
5.699999809265137
4.479353405487619
34.67626767690394
235.0206588415995
31.06796116504854
245.2567552271355
0.7737676056338029
1.0
0.29897638272737487

ANF
31.858029198191936
47.453277425603204
2.5272727489471434
5.699999809265137
4.556483996560369
36.41451319475234
245.51002753945346
28.28282828282828
222.46476216004532
0.6998239436619719
1.0
0.39645099935720834

ANF
31.116393102692715
56.071211715795165
2.5113924253213256
5.699999809265137
4.643808104554158
35.760201207246915
308.8235381125865
23.96694214876033
297.79168963992294
0.7051630434782609
1.0
0.3576724006882126

ANF
28.665122402363945
53.39999952316285
2.466101717140715
5.699999809265137
4.505656160895406
33.17077856325936
245.28416279517964
32.71028037383177
243.08285384931835
0.7526041666666666
1.0
0.3600534146614695

ANF
30.238924247022975
48.840608621749084
2.052380981899443
3.5999999046325684
4.241106060462839
34.48003030748584
209.14901334618645
26.506024096385545
196.5909476270512
0.7592213114754098
1.0
0.281271213392427

ANF
29.17050412696809
52.82832903047264
2.3287671657457745
4.5
4.481346597471053
33.651850724439136
263.4418200023841
25.0
250.53963206253366
0.7235576923076923
1.0
0.32829109083927493

ANF
32.600288568604604
53.512168626066575
2.3274510210635615
4.5
4.453347262277717
37.05363583088233
224.0726396191118
24.444444444444443
202.20075887559963
0.6700367647058824
1.0
0.355767159525375

ANF
32.31684795043985
54.596608030309895
2.268421074800324
5.699999809265137
4.413561071149812
36.730409021589686
258.14441390701666
23.232323232323232
233.7023284851424
0.703125
1.0
0.42074285156516217

ANF
31.9126006842065
59.721196377422096
2.041509468600435
4.400000095367432
4.274326928849039
36.18692761305554
212.86294082529596
25.252525252525253
219.1563639866384
0.691722972972973
1.0
0.426826591711846

ANF
37.43346294525714
68.93357009445592
2.7844156259066097
5.699999809265137
4.804329070883918
42.23779201614108
251.98929336099505
34.751773049645394
340.31835923841066
0.7764945652173914
0.9933333333333334
0.39650463478477793

ANF













ANF
29.263853083016738
51.398684343274965
2.1555555793974133
4.5
4.177910751577707
33.44176383459445
211.0516180374226
26.190476190476193
193.8005394554956
0.7469758064516129
1.0
0.47552896962653113

ANF
29.401834403053197
52.24663549177554
2.318000056743622
4.400000095367432
4.423742374463405
33.82557677751661
206.74346513871308
30.526315789473685
192.94299727200476
0.6676136363636364
1.0
0.4218636898300519

ANF
30.390805655903613
48.82316669391378
2.0740000343322755
4.5
4.175055199595034
34.56586085549866
236.233413855229
19.54022988505747
211.82905470686666
0.7285714285714285
1.0
0.4548738606641942

ANF
36.02519391829851
68.03673083255089
2.4107143174457764
5.699999809265137
4.676549258642348
40.70174317694088
258.5000331486546
37.24137931034483
296.6987912179311
0.7026098901098901
0.9939393939393939
0.3784068936727336

ANF
31.902484991853477
49.41733932063854
2.2448276014163575
4.5
4.374071252244942
36.27655624409844
262.1805638545427
34.74576271186441
255.49138426246208
0.7597402597402597
1.0
0.30349188826882423

ANF
30.569581298423856
56.85245617485615
2.0735294468262615
3.5999999046325684
4.133889618738363
34.70347091716223
170.97876651350654
18.30985915492958
165.70630603334456
0.6918103448275862
1.0
0.48964522582634773

ANF
29.878080318253087
54.84372947075585
2.3562500352660813
4.300000190734863
4.456608717559451
34.334689035812545
219.92751891965176
31.73076923076923
222.8844959100055
0.7024647887323944
1.0
0.4056556875470723

ANF
35.79009414127907
60.67592729137485
2.3628571748733522
5.400000095367432
4.502466356805158
40.29256049808427
221.16323753845586
17.894736842105264
229.4036992902397
0.6634615384615384
1.0
0.33703945483628095

ANF
31.172457899825137
57.132969269400654
2.064583378533522
3.5999999046325684
4.272405261137089
35.444863160962214
208.92705428970342
29.03225806451613
209.84886705823834
0.7443181818181818
1.0
0.1890133222818084

ANF
32.69881312097238
53.79186532375459
2.4461538791656494
5.699999809265137
4.6056748046987135
37.304487925671125
312.097365556467
20.833333333333336
298.6801699852705
0.6888157894736842
1.0
0.45974969586333325

ANF
29.62396008890378
56.75905233897124
1.8784314066756005
3.5999999046325684
4.179473129496376
33.80343321840013
194.61180616482056
16.883116883116884
181.20394168708057
0.66796875
1.0
0.3466333158979858

ANF
31.949087119687373
57.22892108014672
2.2703704039255777
5.699999809265137
4.461835061602952
36.41092218129031
242.4274601335706
29.72972972972973
245.87107182300713
0.7115384615384616
1.0
0.43136353594556853

ANF
34.0332813526874
51.724195180143546
2.256140397306074
4.400000095367432
4.3886033998666125
38.42188475255405
249.1840611171903
23.157894736842106
241.0360656179702
0.7551369863013698
1.0
0.41724170173301095

ANF
31.958401600273785
60.69026931165528
2.250000040320789
5.400000095367432
4.380241057406431
36.338642657680225
204.5359024897655
30.097087378640776
227.68744639628943
0.7317708333333334
1.0
0.4605088837069541

ANF
30.217204322044328
50.4978605324701
2.1736842519358586
4.400000095367432
4.193021919292855
34.41022624133719
202.9140371973215
20.253164556962027
188.9266772257423
0.7172619047619048
1.0
0.4893021808959272

ANF
31.807138037468885
46.35748651785862
2.652083339790503
5.699999809265137
4.524191147221334
36.33132918469022
242.9598905248472
29.78723404255319
225.36953754344972
0.7613636363636364
1.0
0.28173993773457817

ANF
29.355765287088726
48.76275482052989
2.323529443320106
4.699999809265137
4.431172428898307
33.786937715987044
267.8038377656208
21.875
240.8763740009383
0.735
1.0
0.4025108322292046

ANF
32.353778971335004
52.696939671133705
2.292307727611982
4.5
4.451330656951
36.80510962828603
239.67015094910704
23.076923076923077
214.39807720009878
0.6991071428571428
1.0
0.3988450544778332

LBG
35.41906638123771
64.1911276879546
0.8103448508799761
4.300000190734863
3.5753889182948178
38.99445529953252
197.26532893120694
61.085972850678736
230.1407315375196
0.7478197674418605
0.3934920634920635
0.3130732670953454

LBG
38.46746440222459
63.42394282855621
0.4873015975195264
3.3000001907348633
3.3931798458782176
41.860644248102815
178.434496101122
58.1151832460733
214.9472490239099
0.7875
0.42047619047619045
0.3520339760888172

LBG
37.774311416150596
59.333364501363654
0.4888889047834608
4.400000095367432
3.400493992065449
41.17480540821605
165.38836825816236
58.06451612903226
188.12682921535566
0.8509615384615384
0.4407936507936507
0.3674988518195216

LBG
36.97658947146289
68.0
0.6661017042095378
4.400000095367432
3.529987104803908
40.50657657626677
153.7488386879001
53.987730061349694
203.05989153904932
0.775
0.45888888888888885
0.24884957172649017

LBG
40.42991372901505
71.05983733947834
0.6225352253712398
4.400000095367432
3.5598806222916686
43.98979435130671
163.9974794868355
64.0552995391705
230.47380289597467
0.8317307692307693
0.5054377104377105
0.22611088226198794

LBG
36.16735192485623
68.2999997138977
0.8541666865348816
4.400000095367432
3.5705070442251143
39.73785896908134
131.78464390786215
50.76923076923077
182.4242787022924
0.802734375
0.5568253968253969
0.29929198933502305

LBG
33.64197987574028
62.80000019073487
0.7677419647093742
4.699999809265137
3.4543055411431896
37.09628541688347
164.22843457254805
50.0
194.75452035940714
0.7450657894736842
0.44071428571428567
0.32445317609303237

LBG
36.18533739222442
56.92468004505475
0.4730158911810981
3.4000000953674316
3.416934477629779
39.6022718698542
188.58886166304234
48.99328859060403
192.789241686275
0.7450657894736842
0.4716666666666666
0.27466982145218277

LBG
30.37713485369903
53.18180838977826
0.4065217505330625
3.3000001907348633
3.23686004708043
33.61399490077948
160.7775827287642
48.837209302325576
172.50446541310157
0.8153409090909091
0.5501587301587302
0.3399441879632205

LBG
35.24470008256105
68.34239844503891
0.7773585229549768
3.5999999046325684
3.548586346064484
38.79328642862552
155.06953234097438
41.46341463414634
194.64435513912449
0.7604166666666666
0.5094444444444445
0.3696409230254247

LBG
36.782425271320676
78.03405362031079
0.8972222374545203
3.3000001907348633
3.512511717483316
40.29493698880399
159.1548050435117
56.994818652849744
223.03682568017283
0.7590361445783133
0.43089947089947084
0.30606001471233

LBG
40.765829636830375
70.088079563759
0.8478261007778887
4.699999809265137
3.4406446173424556
44.20647425417281
165.61890546787373
62.78026905829597
248.04463539220495
0.8697289156626506
0.4401443001443001
0.2927620417318171

LBG
36.71780700068544
63.49999570846558
0.926315818962298
3.5999999046325684
3.74119543371964
40.459002434405086
184.62788334143156
56.111111111111114
236.0639453808006
0.8093354430379747
0.4739153439153439
0.5022486013827204

LBG
36.700341369118874
73.6435210857375
0.7727272770621559
4.399999618530273
3.5395213177295184
40.2398626868484
146.07388360395524
62.88659793814433
208.3110412153597
0.8125
0.501031746031746
0.2551705342461389

LBG
35.05528982904753
52.252546231104546
0.48846155634293187
4.400000095367432
3.432614881418269
38.48790471046578
194.39781789440002
52.702702702702695
189.11910159307394
0.8008928571428572
0.5127551020408163
0.29318572950773664

LBG
37.7096291439335
65.08882480404515
0.22000000029802322
3.1999998092651367
3.1830606721830317
40.89268981611653
171.82639798089298
54.54545454545454
206.45870218428732
0.7654411764705882
0.4186507936507936
0.3971890316935399

LBG
38.95359490995504
80.05748472895277
0.904347855111827
4.699999809265137
3.5687205553827215
42.5223154653378
147.36019430111583
62.019230769230774
229.24675088843253
0.8259493670886076
0.4662433862433863
0.4574136608408424

LBG
36.604912684598446
60.59999942779542
0.6670454686338251
4.5
3.525516780988395
40.130429465586865
201.35206141250796
58.9622641509434
266.658712449366
0.8771551724137931
0.42126984126984124
0.320904223981899

LBG
37.17698875912593
60.38913721975498
0.42758621018508386
3.5999999046325684
3.246156885675673
40.42314564480162
163.1392502098256
42.1875
186.42150980907175
0.7728040540540541
0.40690476190476194
0.3366396383432226

LBG
35.05359134920091
59.80000009536744
0.7957447133165725
3.3000001907348633
3.5273651643917097
38.58095651359261
146.68486684910457
49.60629921259843
187.63392918463487
0.8349609375
0.5561111111111111
0.2656299558384344

LBG
32.90117314699039
59.52168560304716
0.5872340684241437
3.3000001907348633
3.4349137036531183
36.33608685064351
165.4971829824177
60.0
187.1815556105753
0.8134191176470589
0.4732142857142857
0.44212331226296553

LBG
31.819569543008317
61.69999885559083
0.34571429661342074
3.3000001907348633
3.2214238879610697
35.04099343096938
127.78823159082728
39.795918367346935
141.17952471412053
0.75
0.5123809523809524
0.3359408732558156

LBG
36.659727874673045
66.29999599456788
0.697435913941799
4.400000095367432
3.4820879435689935
40.14181581824203
145.3572390119312
51.09489051094891
170.04751885244056
0.7332089552238806
0.5298412698412699
0.321580560243885

LBG
36.6406753950711
61.68790608578865
0.2933333476384481
3.3000001907348633
3.236435409148072
39.877110804219164
139.70725072941207
48.38709677419355
141.81270827155174
0.6943359375
0.5693650793650794
0.28172696788265017

LBG
35.68930925412851
69.3000002861023
0.536538479419855
3.4000000953674316
3.4059390285127584
39.09524828264128
148.4106416402779
57.95454545454546
199.21827010307263
0.8057432432432432
0.42423469387755103
0.4233051745266868

LBG
33.20752961427886
64.59902406591141
0.39743590966249126
3.3000001907348633
3.28812467804044
36.49565429231931
129.08541986054897
47.368421052631575
145.22662165221033
0.75
0.572063492063492
0.45117060878452175

LBG
32.998843345420404
51.30000047683716
0.8100000143051147
4.699999809265137
3.517344256689962
36.51618760211038
171.47284364712996
50.74626865671642
178.50547167095004
0.7784090909090909
0.5652380952380952
0.28293653912374966

LBG
32.027478538874334
50.23414341683018
0.6402985355747279
4.400000095367432
3.4125800203823995
35.44005855925674
194.63334406672183
53.02013422818792
188.801873444821
0.7848214285714286
0.5357142857142858
0.31403354949680873

LBG
39.3617975224988
63.679833311660886
0.4025641129567073
3.5999999046325684
3.3229164902812376
42.68471401278004
125.1950762150561
50.427350427350426
153.48513022261818
0.8049568965517241
0.5385714285714286
0.37411397818159803

LBG
33.87866313226252
55.39999952316285
0.5189655176524458
4.400000095367432
3.378321483258566
37.25698461552109
166.30226902950886
58.38150289017341
207.18756166788143
0.8489583333333334
0.46603174603174596
0.26831463278388823

LFF
21.550950206078795
40.05524010015298
0.05666666788359483
2.200000047683716
3.052766834813365
24.603717040892157
271.7358630301209
10.465116279069768
158.09936566335332
0.674512987012987
0.29626984126984124
0.23720254290779041

LFF
19.2858653507454
41.799434752311896
0.1481481518274472
1.2000000476837158
3.116820105462511
22.40268545620791
280.80844702426907
16.666666666666664
184.9993057202767
0.6948529411764706
0.30632275132275133
0.22011471768835883

LFF
20.441815517525047
39.352121194788545
0.019047619449713872
1.100000023841858
3.0185019687670254
23.46031748629207
290.7493128838129
13.684210526315791
167.41956053958606
0.676829268292683
0.21944444444444444
0.2325158709662622

LFF
27.387736002433087
136.89999972134825
0.0019607843429434533
0.10000000149011612
3.002102990393702
30.389838992826792
71.77730206842939
23.863636363636363
132.85655682214946
0.6604477611940298
0.3357142857142857
0.23668968328156317

LFF
22.232978312575714
39.03930509798297
0.06875000149011612
1.100000023841858
3.0551301953127896
25.2881085078885
253.2712120720009
12.5
144.1485624460127
0.675
0.323968253968254
0.2654182897156582

LFF
23.131362654608203
50.548409443928996
0.23648648779537226
2.200000047683716
3.1778234210406264
26.30918607564884
216.41742466265077
18.181818181818183
162.1226666997608
0.625
0.27182539682539686
0.2249131793263707

LFF
22.645469590686517
51.70319256396975
0.18333333730697632
2.200000047683716
3.1579326207876335
25.80340221147416
205.81232185127877
36.29032258064516
157.11456109016729
0.6265822784810127
0.3444973544973545
0.25498415582390277

LFF
23.835103660913397
39.76195984764668
0.02608695707243422
1.100000023841858
3.023088001064764
26.858191661978157
232.11231598072652
5.714285714285714
108.88080302635291
0.5454545454545454
0.38682539682539685
0.20353455936932294

LFF
25.134468452824997
41.54460371412106
0.05333333214124044
2.0999999046325684
3.048014549514685
28.182483002339694
256.4725021189009
15.053763440860216
153.37607757343136
0.6360759493670886
0.25775132275132273
0.16815216549297882

LFF
22.246707023871693
38.21563423035486
0.06470588375540341
2.200000047683716
3.0551342992586425
25.30184132313033
261.93007063184217
13.414634146341465
129.44999174588108
0.596830985915493
0.26611111111111113
0.17881121648837978

LFF
22.100091470991536
44.862167025242094
0.05074627008011092
1.2000000476837158
3.0501602214553647
25.150251692446894
242.8068803860999
17.525773195876287
171.7473739784091
0.703125
0.2885714285714286
0.2437548270833795

LFF
20.866636338460747
39.38751097778911
0.044897960156810524
1.100000023841858
3.0382942872193683
23.904930625680116
242.60633603747067
9.333333333333334
131.5327543240939
0.6369485294117647
0.3322222222222223
0.17912338627480706

LFF
21.270910824240964
49.243178219592345
0.2979166731238365
2.200000047683716
3.1671790733551974
24.43808989759616
182.43501029701346
25.555555555555554
131.56868626065912
0.6240671641791045
0.33015873015873015
0.27962518048155904

LFF
20.864684317055385
54.43849245610879
0.10784313959233902
2.200000047683716
3.0898056370678564
23.954489954123233
158.57384899242638
17.72151898734177
127.89601867681908
0.6403846153846153
0.3519047619047619
0.22119299065959652

LFF
19.240797308766286
39.71950075170856
0.04074074162377252
1.100000023841858
3.0269493816727637
22.26774669043905
165.79875988475015
9.615384615384617
75.78248285198245
0.5305851063829787
0.3892857142857143
0.1810864915976753

LFF
27.169015001534508
136.89999972134825
0.29662921991241115
2.200000047683716
3.214573220439047
30.383588221973568
102.11991454783406
25.833333333333336
205.5896748612855
0.7162921348314607
0.2725396825396825
0.20610985047280492

LFF
23.91879170936567
41.38809783719814
0.19411765126621022
2.200000047683716
3.124209109533414
27.04300081889908
276.6812701039743
33.33333333333333
172.79412960493863
0.65625
0.2748148148148148
0.20466372195336147

LFF
25.709225266529575
138.3023143131885
0.09016393638048016
1.100000023841858
3.0534911089448094
28.762716375474373
80.9032704187503
24.242424242424242
144.26222799881538
0.6275
0.2420634920634921
0.18583825144762856

LFF
21.077445133200676
39.25288977792409
0.02037037081188626
1.100000023841858
3.0172611765288777
24.094706309729567
252.42097900294527
12.345679012345679
136.3844373345127
0.636443661971831
0.27005291005291004
0.20161629842361437

LFF
26.450026280418935
41.95232317315728
0.07586207060978331
1.100000023841858
3.0531805668505205
29.503206847269453
235.42667456424724
14.117647058823529
143.03844020486537
0.6421232876712328
0.24863945578231292
0.14335656857161297

LFF
21.538448328662394
40.13961806742658
0.14923076813037578
2.0999999046325684
3.098007969175911
24.636456297838308
265.35136848979243
8.235294117647058
160.03181718163498
0.65625
0.2447619047619048
0.17419782844144352

LFF













LFF
23.05882273373561
42.64889611698728
0.027160494415848342
1.100000023841858
3.0317658694181184
26.09058860315372
261.8582525682414
10.75268817204301
185.6680690284584
0.7387048192771084
0.2807874665017522
0.322172933565775

LFF
27.78089299758422
53.10701204264856
0.1783783822446256
2.200000047683716
3.112138338788817
30.893031336373042
205.7490696286782
19.607843137254903
171.86912695887807
0.6745426829268293
0.25671957671957674
0.28703239557961296

LFF
25.155267788106837
42.98843961519886
0.053968255127233175
1.100000023841858
3.0542918196787876
28.209559607785614
233.5242480207279
10.714285714285714
147.05905931572278
0.6425
0.2873809523809524
0.19415417601172347

LFF













LFF
21.912519534946632
40.211175860091565
0.0
0.0
3.0
24.912519534946636
245.32853092006525
5.333333333333334
126.5625
0.5941901408450704
0.2750793650793651
0.16263167652696572

LFF
22.449725572266075
39.27364084132239
0.028205128816457894
1.100000023841858
3.019913674078246
25.46963924634432
220.51323629950474
12.676056338028168
113.2017674492033
0.6048387096774194
0.4001587301587302
0.19508359489551255

LFF
22.791117831419925
41.24919391973937
0.07555555717812644
2.200000047683716
3.048146112095211
25.839263943515128
231.96542252146403
13.414634146341465
137.1757300150469
0.6338028169014085
0.31507936507936507
0.16200530817996606

LFF
26.886876890688175
46.15606088595324
0.23913043996562128
2.200000047683716
3.171354833885085
30.05823172457325
210.20021827666486
27.0
156.12069481957207
0.6626712328767124
0.3199206349206349
0.3065067528528008

RAN
36.930565510153365
134.20871166135706
2.264615423518878
5.400000095367432
4.449893922033158
41.38045943218656
119.3381640316644
42.96296296296296
205.48361101774077
0.5892857142857143
0.8587301587301588
0.29235380422970053

RAN
35.41565802776804
132.0513295047789
2.375000047730282
5.400000095367432
4.461551705791132
39.87720973355918
114.89906743573673
26.21359223300971
206.70947103047948
0.6044407894736842
0.8640476190476191
0.25662475879263513

RAN
35.183091349172734
115.7000021934509
2.4148148320339344
5.699999809265137
4.558214579708749
39.74130592888152
114.67903870619163
37.5
178.63462740512907
0.6028846153846154
0.8598356009070294
0.314158698375106

RAN













RAN
28.22874825494159
48.68139126032566
2.280327888419394
5.699999809265137
4.410491229587806
32.63923948452941
278.04314285374994
16.49484536082474
241.48272049775562
0.6736111111111112
0.832063492063492
0.33911411159240407

RAN













RAN













RAN
36.163851955559316
149.19999742954963
1.9971014648891878
5.699999809265137
4.465215661177759
40.6290676167371
120.17716737894547
35.43307086614173
226.70628389177762
0.6150914634146342
0.8434920634920636
0.27693056179246206

RAN
30.822684443809827
61.99776350579462
2.04477614931651
5.699999809265137
4.445957858098123
35.26864230190796
213.09165972557088
18.6046511627907
194.03440394222815
0.6160714285714286
0.8394444444444444
0.3201003637851478

RAN
28.462442529884584
54.02779013129756
2.6444445186191134
5.699999809265137
4.647594260378818
33.110036790263386
225.5429825128064
15.584415584415584
158.10879976945367
0.525
0.8976190476190475
0.22817946848034618

RAN













RAN
31.04388666030556
48.74108187544569
2.778947397282249
4.699999809265137
4.563090877819047
35.606977538124625
239.16444052037107
12.162162162162163
161.51732687819268
0.5365384615384615
0.9515873015873015
0.3129551534178986

RAN













RAN
69.50362193106679
624.899995522202
2.241666711512066
5.699999809265137
4.5512625154608894
74.05488444652774
31.544340297970347
67.77777777777779
293.3634036435159
0.7521551724137931
0.8735353535353536
0.2991407263915264

RAN
38.864300943820744
99.85011165559442
2.25833337828517
5.699999809265137
4.4108275450257866
43.27512848884649
156.77287555708074
39.23076923076923
249.59425093876806
0.6954113924050633
0.8556349206349207
0.32209220004448585

RAN
34.80282465348192
52.21876635115192
2.1580000567436217
5.699999809265137
4.390042131081194
39.19286678456311
216.24646874530353
18.75
155.99399349016156
0.5480769230769231
0.868015873015873
0.24237039676498806

RAN













RAN
30.909536694169706
56.36460827350533
2.1636364035985687
4.5
4.450335435877966
35.35987213004767
221.3845999334627
26.08695652173913
183.5619572623425
0.609375
0.8397392290249434
0.33664424457994824

RAN













RAN
32.51874295902606
73.62038903419275
2.043137293235928
4.400000095367432
4.275618556514871
36.79436151554095
176.07541246543738
17.647058823529413
145.43599946174868
0.4875
0.8831746031746032
0.2901430913464807

RAN
36.72857952739156
182.70000215172755
2.281081109433561
5.699999809265137
4.5317958962337315
41.26037542362532
99.17237631316851
40.714285714285715
244.54364333266565
0.641566265060241
0.8220757020757021
0.27287663552290015

RAN













RAN













RAN













RAN













RAN













RAN
29.21856112390467
47.96617671798127
2.161971870652387
4.400000095367432
4.412365200461604
33.63092632436627
295.6339788399618
13.978494623655912
247.93582746939651
0.70078125
0.8765811965811966
0.1908887760855363

RAN
37.70472804666715
85.73639502168402
2.1646154128588164
5.699999809265137
4.405519955457841
42.110248002125005
182.02794581597965
30.508474576271187
246.89856351028857
0.6791158536585366
0.8251597608740465
0.2392326195100843

RAN
35.01055091785386
78.82548192509647
2.2704545611684974
4.699999809265137
4.42103487319577
39.43158579104964
131.03597740143766
19.718309859154928
140.48728916661787
0.5592105263157895
0.8688095238095238
0.278923649121704

RAN













TBF
26.728476800671608
43.98527055527121
0.9530612440133581
2.5
3.5478272517258627
30.27630405239748
210.7367787185588
1.5873015873015872
103.34569008198527
0.4657258064516129
0.8142063492063493
0.23388432226755324

TBF
25.556296657550487
45.800000000000004
0.998571447708777
2.5
3.6396379017775478
29.195934559328037
243.00065723489138
19.801980198019802
188.17335708770523
0.6365740740740741
0.7446825396825396
0.416905043440667

TBF
23.086071481839824
44.220806582269105
0.9000000176019967
2.200000047683716
3.5585731037032233
26.644644585543055
250.59419611752236
8.045977011494253
160.85026915119752
0.56953125
0.7538888888888889
0.42610444573926415

TBF
24.807869686376794
41.76451195925669
1.0838709866567966
2.0999999046325684
3.6007485665005343
28.408618252877343
285.2307468416119
2.564102564102564
151.74143289897432
0.5501644736842105
0.8113227513227513
0.496796630769276

TBF
28.448165895973972
43.29307583035788
1.1090909295461395
2.5
3.6224002335099827
32.07056612948398
256.6922866811502
2.564102564102564
147.28856084768114
0.5353618421052632
0.8783333333333335
0.3701541937009291

TBF
25.826411325174444
50.273422084216556
0.862500019185245
1.2000000476837158
3.581820613061094
29.408231938235563
231.45557334803442
18.181818181818183
181.77773379813172
0.6203703703703703
0.7206878306878307
0.5001143230216113

TBF
29.018955752987257
48.116996156424335
0.9770833514630795
2.200000047683716
3.5391826417482206
32.55813839473547
220.8651300856673
3.8461538461538463
125.98780375338701
0.4725
0.7279365079365079
0.3075988324254368

TBF
28.68565651855422
47.520085873653166
1.0148936359489218
2.0999999046325684
3.5460250264469577
32.23168154500118
211.17595421301712
8.0
124.42326320334162
0.5054347826086957
0.8377551020408164
0.35789405746098313

TBF
22.789332796336115
39.81929938749888
0.9242857321032456
2.5
3.582092000724872
26.371424797061014
329.38547970466914
11.827956989247312
180.7474267112968
0.6150914634146342
0.8421067821067821
0.34830524774005434

TBF
24.94814440242997
46.920728141626924
1.0629032466921113
2.5
3.5993721325217014
28.547516534951694
289.42599526770704
8.60215053763441
187.88719367699161
0.6132352941176471
0.7703561253561255
0.42709462147985966

TBF
29.766960286631935
48.88482921920621
0.9627451150148523
2.5
3.5805643131896363
33.34752459982157
217.29174960659884
4.054054054054054
130.8619127230309
0.5096830985915493
0.7453703703703705
0.15347425024218675

TBF
27.745208786558752
45.800000000000004
0.8910714478365013
2.200000047683716
3.5319164934760594
31.277125280034824
189.17984070872228
10.95890410958904
118.43047151959227
0.510576923076923
0.7146825396825397
0.3127823217098891

TBF
36.52493835027334
63.79999504089356
1.1863158141311847
3.3000001907348633
3.822715736024847
40.34765408629821
211.37547074233154
37.95620437956204
229.72836403445308
0.7014705882352941
0.8242183742183742
0.40913645097445467

TBF
26.042137074381078
46.46495614719131
0.964705900343902
2.5
3.6279473971586724
29.670084471539763
246.68665262807914
1.2345679012345678
175.84600057465107
0.60234375
0.7732467532467531
0.4168796799552068

TBF
26.62979488621095
47.200000381469735
0.799047633650757
2.0999999046325684
3.6050320610464173
30.234826947257385
284.8942045955988
35.0
205.11839208855577
0.6222527472527473
0.7203561253561254
0.36577116628663175

TBF
26.559099198506864
45.655492898742416
0.7444444589671635
2.299999952316284
3.4955605834782575
30.054659781985137
252.1549879600254
15.053763440860216
152.83844712423226
0.5506329113924051
0.7376984126984127
0.27847426590396096

TBF
31.957928999935678
54.97398035530179
0.8890110079076264
2.299999952316284
3.6083925856326613
35.566321585568346
227.74868238296096
36.56716417910448
191.21300851101805
0.6176470588235294
0.7432539682539682
0.46485315582780723

TBF
27.557349069630515
42.069202700968134
1.052459037206212
2.0999999046325684
3.5834731538062243
31.140822223436736
263.21676257635113
1.2345679012345678
160.96594870317168
0.5578125
0.8114021164021163
0.4282188504616365

TBF
27.192904902250397
40.48607775472122
1.0142857348546386
2.0999999046325684
3.579172613883523
30.772077516133923
276.36882785801305
10.227272727272728
169.16253400884116
0.6004746835443038
0.7782539682539683
0.2959420655150789

TBF
32.449037386367166
55.738055630067926
0.9421052836665982
2.5
3.618421568290624
36.06745895465778
232.57304272493894
9.375
198.56151886798938
0.6293103448275862
0.7935714285714287
0.3905979215392475

TBF
26.807418988469934
43.51967088101507
1.0458333518666525
2.5
3.5593995473067572
30.366818535776716
233.01417383713462
0.0
105.43859389884591
0.43566176470588236
0.800425170068027
0.3549114409848933

TBF
26.37918121404919
48.29264804548568
0.7947916812263429
2.299999952316284
3.5951422739757533
29.974323488024954
266.5411767830022
27.500000000000004
192.53832838066444
0.6206896551724138
0.6628042328042327
0.38666704460815554

TBF
24.94718922629697
45.891920947571016
1.042000019699335
2.200000047683716
3.5808828732762743
28.52807209957326
216.66236213307786
1.4084507042253522
114.04057780479245
0.45267857142857143
0.8187301587301586
0.36849820672051903

TBF
26.981882147340038
42.00354768921729
1.0375000187195837
2.200000047683716
3.631993292754829
30.613875440094873
266.8910797702247
10.465116279069768
163.3543623404315
0.5795454545454546
0.8011303511303512
0.33855015789419923

TBF
26.950211086537347
44.30996821823708
0.9800000205636025
2.5
3.5814633226255657
30.531674409162907
259.2544824170964
9.523809523809524
151.2211953229186
0.5550986842105263
0.7903968253968254
0.45048975720666157

TBF
24.6719996910129
43.03795463874781
0.7739130571160627
2.0999999046325684
3.4735419399514913
28.145541630964388
198.7551107408574
0.0
103.50502602449383
0.4791666666666667
0.7782539682539683
0.22675178101757767

TBF
30.223819039057936
50.52864354493134
0.9500000167525176
2.5
3.625494259385506
33.849313298443434
235.39331541280984
12.903225806451612
172.61047656100314
0.5833333333333334
0.8283597883597883
0.3437308320435611

TBF
26.367825159310424
47.29729614454871
1.0423077121376991
2.0999999046325684
3.5687250735139346
29.936550232824363
234.6946452639864
1.3513513513513513
125.28382251694035
0.4751712328767123
0.7749206349206349
0.3534635846294636

TBF
21.556226421332713
41.31499744284542
1.0377777944008508
2.200000047683716
3.58619559424441
25.142422015577132
269.0448688618723
8.974358974358974
138.27410214293846
0.5413732394366197
0.7548412698412698
0.30283784892990906

TBF
28.342039753512342
46.15044333119757
0.9904762080737523
2.200000047683716
3.6287298697864765
31.970769623298803
250.81049658446108
9.30232558139535
154.94584228453937
0.5408653846153846
0.7839153439153439
0.36978514886274644

