AFF
56.19678597144723
103.95208489108816
1.2745097992466945
4.5
3.8260317878745034
60.02281775932173
118.74844760688397
79.27170868347339
247.0272439640857
0.875
0.6341269841269842
0.3239536884841128

AFF
57.43833362285099
106.26763224795046
0.9750000095885732
4.699999809265137
3.759026782879261
61.19736040573025
130.80702016072067
80.6378132118451
291.19563191990625
0.9176470588235294
0.5659523809523809
0.26805175303660955

AFF
53.74737283271344
92.45905407071992
0.937735876947079
4.5
3.6268946610014035
57.37426749371485
131.9739690890556
80.10335917312662
256.6381495925468
0.922077922077922
0.542962962962963
0.322538799221717

AFF
59.04942927639343
100.96147472469116
1.070270299911499
4.5
3.7856645691682806
62.83509384556176
137.76995908441248
81.83807439824945
296.4980302646196
0.9427710843373494
0.5513419913419912
0.3727694954685971

AFF
45.10287111522493
90.78379673296647
0.5811320948150923
4.400000095367432
3.3911900924600156
48.494061207684936
118.74691678683081
76.43312101910828
233.41006949407966
0.9358108108108109
0.5361904761904762
0.28826289944410577

AFF
46.05619074185054
89.26763960551968
0.8108108269201743
3.5999999046325684
3.5021429646180477
49.558333706468595
104.67425064153812
74.05857740585773
185.76724769761552
0.8669354838709677
0.5738095238095239
0.3149063713701455

AFF
50.68692092107876
86.56536025239718
1.0931034807501168
4.400000095367432
3.6736444056087065
54.36056532668748
141.24204624658512
78.51239669421489
270.5430554044542
0.9487179487179487
0.5578835978835978
0.35397961390890414

AFF
51.34625527570034
93.27467722628006
1.0482758797448257
4.399999618530273
3.681821038303876
55.02807631400423
116.54032405830226
80.1775147928994
212.5666192897532
0.8731343283582089
0.6533333333333332
0.24426235486949352

AFF
39.44778802582217
75.24043533267246
0.9125000163912773
3.5999999046325684
3.584353916573852
43.03214194239604
106.4294749084704
70.96774193548387
163.5107795166497
0.8518518518518519
0.5957142857142856
0.23052240223339207

AFF
48.816712473021575
104.49999990463255
0.9229166954755783
3.5999999046325684
3.633092413267878
52.449804886289435
96.59797179250656
75.0
203.74016729806874
0.8692307692307693
0.6421693121693122
0.3548638526092195

AFF
50.821168040369294
94.69999303817748
1.0538461886919461
4.400000095367432
3.724859092631978
54.546027133001296
126.15737374632272
78.10650887573965
250.68676628762555
0.9054054054054054
0.5803174603174602
0.3380760669307408

AFF
48.8182615411954
94.69999303817748
1.2442307953651135
4.400000095367432
3.883233250082916
52.701494791278286
114.1565798233481
76.78571428571429
209.65578998900253
0.8346153846153846
0.649126984126984
0.23264053182947653

AFF
44.806624964322616
82.00000019073485
0.7973684386203164
3.5999999046325684
3.508751348203527
48.31537631252615
111.4997045486026
72.80701754385966
192.69658064929257
0.8911290322580645
0.5757142857142857
0.20459613612862942

AFF
50.00017302292493
90.49999980926512
1.090909112583507
4.400000095367432
3.82137995805672
53.82155298098166
130.53500260958478
78.04878048780488
253.79347483563765
0.9270833333333334
0.6285185185185185
0.2892363727137572

AFF
48.838216141249255
80.89999980926513
0.978723424546262
3.5999999046325684
3.6562775761600066
52.494493717409256
129.0002144180145
76.59574468085107
214.51483570835543
0.8977272727272727
0.6107407407407408
0.30693039802794575

AFF
56.057584136530686
110.9539133199616
0.9031746236104814
4.5
3.658202943649075
59.71578708017974
117.67066246670875
80.3357314148681
278.8434820986624
0.9329268292682927
0.5549206349206348
0.230340911718354

AFF
56.39743259653531
101.80788683005613
0.9114285673413958
4.5
3.6839661046936567
60.08139870122897
144.72942529655938
81.51093439363817
321.25938771831846
0.9435483870967742
0.5309090909090909
0.3488133915109918

AFF
44.458520192938785
82.00000019073485
1.3217391708622808
3.5999999046325684
3.7807338157912596
48.23925400873005
111.19479917843404
71.06598984771574
189.72965823105068
0.8771929824561403
0.6796825396825398
0.278145611523085

AFF
47.946482733853166
87.14372249773483
1.0238806151632052
4.400000095367432
3.768330535375822
51.71481326922901
140.32409945451934
79.00552486187846
248.175953352815
0.875
0.5515873015873016
0.3641270704765473

AFF
43.92191056192279
78.14531775706816
0.7166666785875956
4.400000095367432
3.4695558004976648
47.391466362420466
125.15204275768265
72.8
201.04479443384125
0.8639705882352942
0.5107936507936508
0.28061337362430894

AFF
53.65166958144428
96.83278283505835
1.025490218517827
3.5999999046325684
3.797035311869133
57.44870489331342
124.78003473614385
78.04878048780488
245.4348500381276
0.8993055555555556
0.6925252525252525
0.32764891681111624

AFF
52.399726133986945
95.08291323895673
1.0306451801330812
4.400000095367432
3.7778769622261086
56.177603096213105
128.27437608290893
78.96253602305475
246.4402471018803
0.8938356164383562
0.6532275132275133
0.2751881022817718

AFF
49.9470354787493
87.31223277445923
0.5942307871121627
4.5
3.4818738421651014
53.4289093209144
120.24231198530545
76.1744966442953
235.45917277429044
0.9612676056338029
0.5792857142857142
0.42391489208105404

AFF
45.97409165658998
94.12032170248173
0.810000011920929
3.5999999046325684
3.651085537084575
49.62517719367455
115.56275476055856
75.61837455830388
219.36980682272875
0.8840579710144928
0.6642857142857143
0.31826988964228803

AFF
42.04824552215101
78.88877993901481
0.9068182110786438
3.5999999046325684
3.581873459175707
45.63011898132672
132.21888228310283
71.49122807017544
215.7876035249835
0.926923076923077
0.5807142857142857
0.42733560884856725

AFF
47.1012195129798
80.05446079657771
0.8203390068927053
3.3000001907348633
3.5973045836406126
50.698524096620396
145.63788757099937
76.11464968152866
236.5169424223716
0.88
0.584920634920635
0.3860492056755004

AFF
48.64211708897799
84.70441969393809
0.8818182143298062
3.3000001907348633
3.5973737190493704
52.23949080802734
133.63941840742714
78.40236686390533
245.268281490604
0.9315068493150684
0.49365079365079373
0.2836065284136379

AFF
50.20432018068049
103.79999303817748
1.030188706685912
4.5
3.7816323427427005
53.98595252342317
117.19241026367297
77.81065088757396
250.00833509580875
0.8866666666666667
0.5846825396825397
0.34822699193078366

AFF
55.64786507281366
102.77867979119921
0.9705882545779733
4.5
3.7826535747386623
59.430518647552375
136.18885286051992
80.59360730593608
288.33033835398066
0.9
0.5910052910052909
0.29113356477842267

AFF
59.475768688237636
101.43526051483454
0.8812500201165676
4.400000095367432
3.7102061930245753
63.185974881262176
131.99884775648985
82.22698072805139
283.4971140210397
0.9307228915662651
0.573888888888889
0.28267841888342965

ANF
34.75730984078646
64.80000114440918
2.570270304140207
5.699999809265137
4.685035767072299
39.442345607858805
239.08502778698656
46.40522875816993
319.6318182309419
0.8353658536585366
0.9888888888888889
0.2914435102584274

ANF
32.98608927166127
59.558701248924955
2.527451005636477
4.699999809265137
4.476069774781351
37.46215904644263
216.94838302777953
36.283185840707965
262.6034026010156
0.8298611111111112
1.0
0.4104765760034021

ANF
35.79975995930601
60.90000038444997
2.2394366596995945
4.5
4.520709612018678
40.320469571324665
225.91392049478972
41.221374045801525
272.3349045624789
0.7922077922077922
0.993939393939394
0.33599835829587893

ANF
36.68336460440706
59.8414250029098
2.355000025033951
5.699999809265137
4.287447169089095
40.970811773496145
170.94515380664524
32.58426966292135
195.87601283345535
0.7708333333333334
1.0
0.2917441724697175

ANF
39.85963836716335
166.89999924004073
2.420930266120406
4.5
4.6350057446400434
44.494644111803446
114.2583473729537
49.43820224719101
363.5259871343306
0.8666666666666667
0.9717171717171716
0.283868093359076

ANF
41.38990254336899
71.43907844437416
2.6828125208849087
5.699999809265137
4.793560516018825
46.18346305938787
207.0514915888431
48.59154929577465
305.81649872050343
0.8698630136986302
0.9821428571428571
0.21824512428409523

ANF
38.55442719129455
59.46778487600488
2.350769250209515
5.699999809265137
4.514342258317848
43.068769449612425
237.7285344103219
34.166666666666664
303.2377876813234
0.8512658227848101
1.0
0.2959739303662111

ANF













ANF
35.581761326688884
69.1812234481973
2.4588235406314625
5.699999809265137
4.573142425100835
40.15490375178974
199.91568351850626
37.5
279.10611639314726
0.8166666666666667
1.0
0.38923280009321604

ANF
32.776349937503575
61.83723716713428
2.4776119592029655
5.699999809265137
4.6199740793897455
37.39632401689334
232.49087709136347
39.0625
301.5792842557865
0.8333333333333334
1.0
0.2770352815454439

ANF













ANF
37.62903271601082
76.69841153051695
2.513432867157815
5.699999809265137
4.641188427226478
42.27022114323729
209.1188561425087
46.71052631578947
335.39204735309755
0.8858024691358025
1.0
0.22094896848445436

ANF
41.954862822598265
72.69999561309814
2.4849057083000554
4.699999809265137
4.724349791884247
46.67921261448253
224.73661229841343
52.02312138728323
357.1789713468209
0.9036144578313253
0.9865319865319865
0.29156729884028804

ANF
37.57581054591158
69.24669324059406
2.516666672446511
5.699999809265137
4.630684644195918
42.20649519010757
236.96001385094345
40.28776978417266
328.5841047382743
0.8554216867469879
0.9916666666666667
0.25131724081106205

ANF
35.19164688874182
59.34225821206327
2.363235322868123
5.699999809265137
4.613968876025977
39.80561576476782
245.68334367342865
39.23076923076923
297.56405293243927
0.8132911392405063
0.9925925925925926
0.20545176430864753

ANF













ANF
37.88669448162781
73.97165025881205
2.3276316078477786
5.400000095367432
4.530163530578426
42.416858012206255
208.80790691201355
39.097744360902254
300.3486626469369
0.8240740740740741
1.0
0.2703277356725845

ANF













ANF
30.54128039366141
59.29999542236329
2.4914893748912403
5.699999809265137
4.404603215553942
34.94588360921538
213.9803254961776
36.69724770642202
238.4003969238232
0.7898550724637681
1.0
0.3570511725932455

ANF
36.378770205178654
64.90636036767927
2.279661034754777
4.5
4.48376850429025
40.86253870946892
220.21726908639843
48.97959183673469
287.87164072551496
0.86
0.9925925925925926
0.2334962042080873

ANF
37.83453897367068
70.07736654316933
2.3155844518310063
4.699999809265137
4.535153321423359
42.36969229509403
208.54794064560338
32.17391304347826
262.53472226697164
0.7467948717948718
0.989010989010989
0.40112447073637686

ANF
32.040967427530504
54.66227880657432
2.422222248736828
4.5
4.555984582109462
36.59695200963998
273.4647704352883
40.76923076923077
300.7495298725096
0.8571428571428571
1.0
0.23787811270725054

ANF
46.76690916852868
212.4840040101959
2.3232323723760517
5.699999809265137
4.563971838574977
51.33088100710366
99.55304797980418
52.52525252525253
382.8174046195542
0.8909574468085106
0.95
0.37896798835501283

ANF
29.40600600873443
55.05249371239128
2.1146341998402667
3.5999999046325684
4.220825512073438
33.62683152080789
171.18904742091507
28.749999999999996
189.6513972264549
0.7894736842105263
1.0
0.33490089737117057

ANF
43.8593424456281
238.89999991059292
2.409230800431508
5.699999809265137
4.52689251972225
48.38623496535033
76.48213581566641
65.04065040650406
341.1278357756191
0.877906976744186
0.9638888888888889
0.23525264258532746

ANF
34.72836132271236
57.04823793721635
2.553448298881794
5.699999809265137
4.610967620287536
39.339328942999884
231.3209130406674
40.98360655737705
285.2943874526081
0.8680555555555556
1.0
0.2587788585290309

ANF
39.61854428261364
91.09654237189524
2.434666716257731
5.400000095367432
4.5920384839826
44.21058276659626
183.76152622516508
43.624161073825505
345.53378785456755
0.8958333333333334
0.9944444444444446
0.2858957755553809

ANF
33.07641818590887
57.04429336334126
2.7596491345188072
5.699999809265137
4.609185508869011
37.685603694777896
220.48403177775546
45.16129032258064
266.4473926443774
0.8455882352941176
1.0
0.338420739391865

ANF
33.34913096924729
57.281262748436035
2.2836735248565674
4.300000190734863
4.310762779300909
37.6598937485482
196.8252450287899
36.36363636363637
222.6615898038477
0.8253968253968254
1.0
0.4178986633840536

ANF
32.03804777541903
54.50176486458383
2.420408199788356
4.699999809265137
4.465651456821613
36.503699232240685
218.95150528261857
38.18181818181819
252.3412924024635
0.8272058823529411
1.0
0.36771259565258313

LBG
39.097556620534
62.699996760487565
0.7844827503993593
4.699999809265137
3.616372832444234
42.71392945297824
166.14072087706845
55.34591194968554
232.82739289687572
0.9084507042253521
0.6251587301587301
0.2238566860409866

LBG
40.751966663903204
75.47666660863226
0.9457143136433193
4.5
3.7398355633709595
44.49180222727413
175.34477785240088
67.19367588932806
276.5392676368877
0.8945783132530121
0.5042592592592593
0.3230542566141966

LBG
43.12503617412842
78.79999980926513
0.9673913224883701
5.400000095367432
3.720807760683001
46.845843934811384
187.72727391816417
65.2671755725191
307.57696513875516
0.9065934065934066
0.4912265512265512
0.30546178380969324

LBG
41.25017646821878
80.10000095367431
0.5403225941042746
3.5999999046325684
3.471448456741621
44.72162492496043
139.63210507494802
62.62135922330098
236.45076550188284
0.8928571428571429
0.5083333333333333
0.3782177002497789

LBG
34.35526666916248
61.766131435071735
1.0148148404227362
4.699999809265137
3.5729448581185497
37.92821152728103
181.5838296820898
55.35714285714286
243.66052847626048
0.9133333333333333
0.5614550264550265
0.28138999805061926

LBG
38.67979721034408
65.92388788554564
0.5189873447901086
4.699999809265137
3.411784038138517
42.0915812484826
189.4011708908777
70.2054794520548
266.8452113180511
0.9022988505747126
0.47055555555555556
0.21969104248629565

LBG
34.894819524973165
63.630544233125036
0.5186046639154124
3.5999999046325684
3.343085042333364
38.23790456730653
154.87515789690002
58.08383233532935
194.97845185804192
0.8357142857142857
0.5883333333333334
0.27341990130220245

LBG
35.95390904112695
61.33453174908428
0.7104166746139526
4.399999618530273
3.5003817663657415
39.45429080749269
158.5387422921989
61.93181818181818
182.87612206873675
0.7798507462686567
0.6134920634920636
0.27834091906815744

LBG
37.343462657522686
63.152460935685724
0.7492537498474121
3.5999999046325684
3.5904564203743936
40.93391907789708
175.5778492418126
55.23255813953488
235.9069408102068
0.8636363636363636
0.546870166870167
0.280496747899026

LBG
41.88264889816426
70.92198293596802
1.0852941306417478
4.5
3.693688324364198
45.57633722252845
167.847436975328
54.91329479768786
244.37928392537492
0.8525641025641025
0.5123809523809524
0.3714672788895801

LBG
42.66768055086445
69.57073634962829
0.9675000235438347
5.699999809265137
3.6935953065917086
46.361275857456164
196.2620947775264
64.73029045643153
275.09477961388217
0.888235294117647
0.4946825396825396
0.2786626917493778

LBG













LBG
38.57558207996211
63.80249810080864
0.9472727580503983
4.5
3.5934712619658327
42.169053341927935
155.254089689127
51.09489051094891
203.15190980784055
0.8432835820895522
0.5313492063492063
0.22930163745039148

LBG
37.14048400248982
69.39386212245884
0.8493150897222023
4.400000095367432
3.6852387093782086
40.82572271186806
181.7963457508214
55.73770491803278
249.63752109659222
0.8425925925925926
0.5069408369408369
0.34427618271766036

LBG
39.27429676284372
69.3000002861023
1.470476261774699
4.300000190734863
3.7857903797927897
43.060087142636505
179.8503904053302
64.75770925110133
268.1982303834233
0.871875
0.5101190476190476
0.3413721583289178

LBG
42.137824867719864
79.9110070283131
0.6616279108579769
4.300000190734863
3.5791023614849395
45.716927229204806
161.71683692512508
66.53992395437263
287.4538062028521
0.9147727272727273
0.43420634920634915
0.44103973098829174

LBG
38.664088902419714
62.237998009358165
0.5367647181538975
3.3000001907348633
3.4386356901694723
42.10272459258918
165.34252924986765
56.395348837209305
236.49267676271046
0.92
0.48611111111111105
0.3570085152519992

LBG













LBG
39.99088473478634
69.58330352484269
0.8041667093833288
3.3000001907348633
3.4679790340284304
43.45886376881475
137.6959012460048
64.13043478260869
205.02627748802493
0.8977272727272727
0.5417460317460318
0.2826096847553153

LBG
44.54482875397629
71.66231019098393
0.6283018903912239
4.400000095367432
3.5261935619516005
48.07102231592788
154.80570447355322
60.752688172043015
224.25725050318226
0.8698630136986302
0.5056776556776558
0.2413817596459856

LBG
36.89177228600917
69.89999494552613
0.8611111376020644
3.5999999046325684
3.5181071707707865
40.40987945677997
161.59749571392638
58.52272727272727
238.51320076956807
0.9246575342465754
0.5373280423280423
0.27314454788511333

LBG
39.56130365764748
69.89885455861098
0.5814814854551245
4.400000095367432
3.4626982838682463
43.024001941515714
153.4215964818238
63.81909547738693
209.76511270454017
0.8402777777777778
0.5061224489795918
0.27070604086379607

LBG
41.87956064107015
70.39104023951626
0.8142857319348819
5.699999809265137
3.6768261652493504
45.556386806319516
177.19888526808992
65.12605042016807
268.82141151222174
0.8855421686746988
0.47431216931216924
0.32836014115579115

LBG
47.12293228919542
83.09999961853026
0.7264705984031453
5.699999809265137
3.523842020620185
50.64677430981564
162.59328486783616
67.27941176470588
289.4997104511474
0.9213483146067416
0.4607503607503608
0.45433275202452394

LBG
40.51433581677599
77.29999465942383
1.1935484370877665
4.400000095367432
3.708042088151433
44.22237790492745
148.6166107497124
65.40284360189574
241.0377097375992
0.9006849315068494
0.5580158730158729
0.32716330305046937

LBG
39.28085029397423
66.73136072356272
0.7508772109684191
4.699999809265137
3.6120800826335904
42.892930376607815
169.10210914096768
58.333333333333336
242.83527492119936
0.8966666666666666
0.48407407407407405
0.38801395087123874

LBG
34.854468000157624
61.29008776289131
0.7983051033343299
4.5
3.5437118709627824
38.398179871120405
180.43725729998553
55.688622754491014
220.8546784512459
0.8445945945945946
0.49103174603174604
0.2781061402760499

LBG
39.91102300194628
65.80000019073486
0.5306451724421594
4.400000095367432
3.454968910578599
43.36599191252489
168.76637179603605
63.39285714285714
243.73077772121732
0.8658536585365854
0.47611111111111115
0.2811602719882876

LBG
37.54702941270087
68.19999990463258
0.8203703933567913
4.699999809265137
3.5356900772069886
41.08271948990787
147.5953161024038
60.588235294117645
205.86189398990743
0.8805970149253731
0.5563492063492065
0.3203811363872526

LBG
40.775940373272334
81.58904491499587
0.8646154238627507
3.4000000953674316
3.5228175501287167
44.298757923401055
139.643236779785
67.64705882352942
234.83152516712107
0.8701298701298701
0.5131746031746032
0.3276717287171771

LFF













LFF
26.25142357249665
42.0133628625696
0.10999999884516001
2.0999999046325684
3.0818375609239714
29.333261133420624
205.1447910692039
11.11111111111111
136.2280233914667
0.6875
0.31333333333333335
0.16819825980581415

LFF
26.748991018962688
136.89999972134825
0.061111112435658775
1.100000023841858
3.042042645369595
29.79103366433228
64.11134916255298
28.915662650602407
123.17091299702469
0.6864406779661016
0.28690476190476194
0.1821673762920939

LFF













LFF













LFF
20.485529403419964
38.1607071451698
0.19038461951109079
1.100000023841858
3.11248642432337
23.598015827743342
270.69169682948154
11.11111111111111
165.77951127564137
0.7395833333333334
0.27301587301587305
0.12176204305975419

LFF
20.803364292047895
37.82502068475665
0.06346153983703026
1.100000023841858
3.0531698330962844
23.856534125144176
268.08030357160794
10.0
170.29050148622707
0.7743055555555556
0.26571428571428574
0.1581725059180967

LFF
26.57607807993933
141.7785811378916
0.2000000019868215
2.200000047683716
3.1446414339574726
29.720719513896807
82.44666147191487
28.30188679245283
186.7439209557411
0.7828947368421053
0.3258730158730158
0.22977292243427636

LFF
19.714088237695265
38.889567561164455
0.10625000228174031
2.200000047683716
3.099157383049142
22.813245620744397
279.3130313496032
27.67857142857143
209.99672800190288
0.8333333333333334
0.27719576719576716
0.1633582257564115

LFF
20.869277557718476
36.01482824380146
0.1153846148114938
2.0999999046325684
3.088743027515199
23.958020585233676
223.78458082934043
25.0
138.49949515397833
0.7458333333333333
0.407936507936508
0.22699378137517248

LFF
22.274096566815395
38.413041225440224
0.22191781101569738
2.200000047683716
3.1731181265115356
25.44721469332693
297.80510901430904
26.785714285714285
215.8316321318456
0.8292682926829268
0.33925925925925926
0.21407802651634877

LFF
24.20191368845782
49.16383688415096
0.1955882395234178
2.200000047683716
3.151004884495811
27.352918572953637
216.92781841906773
22.330097087378643
196.15009768991618
0.778125
0.2826984126984127
0.1518559954572297

LFF













LFF
23.828545086945844
42.93132764012026
0.10645161713323285
3.3000001907348633
3.0924833782615573
26.92102846520741
246.22725199713182
17.02127659574468
192.2629524347484
0.8012820512820513
0.30238095238095236
0.1736806162928845

LFF
25.785765685508608
43.54820000232985
0.2833333376682166
2.0999999046325684
3.182720910738714
28.968486596247335
240.93569219379722
17.708333333333336
200.92390076332939
0.8006329113924051
0.30089947089947094
0.17259846665595935

LFF
25.088622359128507
49.00517087726442
0.18333333730697632
2.200000047683716
3.116369557985909
28.204991917114413
182.9256583445673
20.0
161.0965649715209
0.7573529411764706
0.3434126984126984
0.23871532082041655

LFF
21.964651415386513
39.416959874413955
0.06231884183227152
1.100000023841858
3.05815402813541
25.02280544352193
262.73535750616503
27.358490566037734
185.7078601664266
0.7857142857142857
0.3230442176870748
0.21092070434699964

LFF
25.772699387800326
43.165695236058006
0.2625000056810677
1.100000023841858
3.1605542770925874
28.933253664892927
279.3053487092687
30.4
220.30048797933077
0.7988505747126436
0.29167388167388164
0.24756805350123487

LFF













LFF
21.17355210547812
45.72663864273907
0.26981132885195175
3.3000001907348633
3.1945889903515288
24.36814109582964
207.5699494337071
27.55102040816326
163.45186373621894
0.721830985915493
0.3004232804232804
0.20215692291250775

LFF
23.267853945383326
39.03564013210726
0.09375000201786558
1.100000023841858
3.051716352886748
26.319570298270058
241.99941015002747
8.21917808219178
143.9279955942774
0.7014925373134329
0.28730158730158734
0.1446979775699717

LFF













LFF
26.93141992864665
44.95089515617311
0.6150537906314737
3.3000001907348633
3.2453932584269674
30.176813187073606
264.74900116533496
33.08270676691729
229.48749999999995
0.7893258426966292
0.29275132275132276
0.2299309659707524

LFF
26.516274723194435
43.49624624254109
0.05789473809693989
1.100000023841858
3.0400854117063036
29.55636013490075
195.96596298581758
10.0
126.9845051042931
0.6626984126984127
0.2923809523809524
0.1590976223057936

LFF
23.010961481460715
39.95479735061308
0.07714285467352186
2.0999999046325684
3.0504789860134762
26.061440467474196
190.9173604151793
6.896551724137931
104.53204016119152
0.6342592592592593
0.3027472527472528
0.12169663385505568

LFF
24.019082068536928
136.89999972134825
0.18723404661138007
1.100000023841858
3.131455374583873
27.150537443120793
72.6552463956387
33.6734693877551
146.16614983698793
0.7115384615384616
0.3596031746031746
0.26799852568707705

LFF
20.315558688600902
36.61496375688094
0.24166667225460212
2.200000047683716
3.186867973512074
23.502426662112985
283.5504961792966
28.30188679245283
194.25940505844218
0.7993421052631579
0.3709523809523809
0.22990107721794606

LFF
22.56158124989828
44.47632547481405
0.41555556456247966
2.200000047683716
3.232357783682707
25.793939033580976
257.32107785246245
24.778761061946902
222.88818685395975
0.8147058823529412
0.29498075998075995
0.30321930772634664

LFF
21.105158203166415
40.8324850910195
0.08431372455522126
2.0999999046325684
3.071068592456212
24.17622679562262
223.47775869575108
10.0
162.83471373501808
0.7361111111111112
0.2727513227513228
0.180100414454053

LFF
23.18596645190797
43.12510985285674
0.10377358715489225
1.100000023841858
3.0620015828988465
26.247968034806807
221.1432392724071
20.454545454545457
167.40406317111336
0.7785714285714286
0.2985714285714286
0.16167137345636465

RAN













RAN













RAN
40.04416363800098
224.2999977156519
2.3950000643730163
5.699999809265137
4.499110472026319
44.543274110027305
76.16703373083527
45.774647887323944
257.70017092037415
0.7402597402597403
0.8331746031746032
0.18138734642244123

RAN
40.6688634963054
276.7150873550531
2.118000026792288
4.5
4.379185195041872
45.04804869134726
46.438630273639035
51.5625
178.3321373680324
0.6491935483870968
0.8284013605442176
0.22778703274213333

RAN
39.24125359714603
207.6536464124049
2.012765977293887
5.400000095367432
4.196084548620273
43.43733814576629
62.30893750405793
47.58064516129033
186.53438267105784
0.676923076923077
0.8547619047619047
0.22045796902593556

RAN
32.50168923448644
55.73292032275395
2.5238806454103386
4.699999809265137
4.627621086964305
37.129310321450774
238.32949835944078
24.242424242424242
259.6746235643334
0.7466666666666667
0.9087301587301587
0.17364891204075175

RAN













RAN













RAN













RAN













RAN













RAN













RAN
34.59983370176345
67.86090323220833
2.6415094834453656
5.400000095367432
4.578903706004422
39.17873740776786
191.10255666586752
30.392156862745097
244.5073178030581
0.7394366197183099
0.8954761904761903
0.2024298556314924

RAN
37.35557836836001
63.70978672559962
2.233333393931389
4.699999809265137
4.3114149040239
41.66699327238391
189.27941366207665
23.333333333333332
215.8957217970408
0.7210144927536232
0.8348148148148148
0.2339496283939014

RAN
37.62956741181246
60.95089829603548
2.4142857653990624
5.699999809265137
4.600424766827898
42.22999217864035
201.4872458897757
33.0
237.35850297474542
0.7649253731343284
0.9354761904761906
0.17334644989328485

RAN













RAN













RAN













RAN













RAN













RAN













RAN













RAN













RAN
40.11359341373109
65.28173821379714
2.3154930149165676
5.400000095367432
4.498295373327833
44.61188878705893
223.763339712826
35.77235772357724
272.40524211233173
0.7563291139240507
0.9138888888888891
0.2657297801047377

RAN













RAN













RAN













RAN
33.830244656213424
55.95510820754547
2.4242424690587954
5.699999809265137
4.534689729420905
38.36493438563435
267.5787571610144
34.146341463414636
304.0958294801361
0.8240740740740741
0.8796296296296297
0.18408897359736828

RAN
35.2851680373981
61.76587253158392
1.9931818626143716
4.5
4.234127208702356
39.51929524610047
188.5457167450707
23.595505617977526
194.38999242697332
0.6691176470588235
0.840925925925926
0.29334866510482327

RAN













TBF
28.522754380503514
47.81744217359625
0.9680000185966492
2.5
3.6230545636801286
32.14580894418364
278.6088094692558
28.455284552845526
234.6132661820075
0.7329545454545454
0.7338888888888888
0.30318001682322254

TBF
31.2068622349006
58.33251634686327
0.97307694149323
2.5
3.634668449750951
34.84153068465156
208.02419699145176
33.6
231.08097422149945
0.7710843373493976
0.7512698412698412
0.3174423849005812

TBF
25.440855541474757
44.792779080006675
1.0048780675704887
2.0999999046325684
3.541282003453137
28.982137544927873
187.09901715729202
3.278688524590164
112.89528158894574
0.538135593220339
0.8733333333333333
0.25373963917399756

TBF
25.36755217481349
51.829354611498
1.06590910628438
2.299999952316284
3.6346698008845197
29.002221975698017
202.09939755395592
11.25
157.79185209648068
0.6126760563380281
0.7115079365079364
0.2936274208478272

TBF
27.212062286667553
40.86821828066094
1.0940000182390213
2.5
3.615898811300938
30.827961097968494
245.11307660597413
12.658227848101266
172.5419833575295
0.6956521739130435
0.8576984126984127
0.2801361228416184

TBF
30.52356793157741
61.64817255117841
1.0254237483871185
2.299999952316284
3.655991253847919
34.17955918542535
185.69402553174618
37.704918032786885
203.0240105515856
0.7236842105263158
0.8035714285714286
0.3744835245036327

TBF
25.423478557963243
48.99977380864563
0.9920635122864966
2.200000047683716
3.593529702797033
29.017008260760292
220.9146749633441
9.63855421686747
172.7367699845287
0.6333333333333333
0.8134920634920635
0.3308882150134888

TBF
24.025032420630893
44.35601339934228
0.9866666848460833
2.0999999046325684
3.530980976381427
27.55601339701231
222.19298045500832
8.21917808219178
154.97226937979062
0.6529850746268657
0.7598412698412699
0.34819512919800016

TBF
26.41254600862467
45.87780255101526
0.9763636529445648
2.5
3.6139785862682086
30.0265245948929
241.70229644092132
27.884615384615387
201.75159142577527
0.7433333333333333
0.7365079365079364
0.2890680952609367

TBF
27.170633027508675
45.1488937650759
0.9354838880319749
2.299999952316284
3.586731431549192
30.75736445905785
275.6227873348567
14.130434782608695
195.3067792840104
0.6867088607594937
0.7734920634920635
0.3410891679442143

TBF
23.605628993257614
43.787205725956994
1.0571428766208035
2.200000047683716
3.5807880214674266
27.186417014725027
231.1962686818861
8.21917808219178
140.2330304305398
0.5783582089552238
0.8166666666666667
0.2511814674681794

TBF
25.849826584990264
42.499998855590825
1.0196428739332728
2.5
3.5652045249607296
29.415031109951006
255.11364349839673
13.333333333333334
177.92789560040075
0.6442307692307693
0.7571428571428572
0.32641748487988126

TBF
31.608300521324942
63.45357147243807
1.0061728611220548
2.200000047683716
3.630183845949305
35.238484367274275
211.84701553985548
39.86013986013986
253.23533981061385
0.8081395348837209
0.7153174603174601
0.37541623529820045

TBF
27.97715950435772
49.37004056556081
1.045454565435648
2.5
3.5870780328078893
31.56423753716561
242.41929797446446
10.869565217391305
195.7250699863938
0.6676829268292683
0.7865512265512264
0.3410482139519944

TBF
25.260629394016277
42.524228762635175
1.0285714508167334
2.200000047683716
3.5958673898259246
28.856496783842186
232.80499792824423
17.333333333333336
143.26807933456536
0.6330645161290323
0.8582539682539683
0.3111810983046127

TBF
26.716985000231535
42.35514204255737
0.9666666885217031
1.2000000476837158
3.4974244901949136
30.214409490426462
239.7561694790237
20.224719101123593
172.70488836887012
0.6901408450704225
0.7907936507936508
0.325453894752766

TBF
29.7917285230533
66.61695147344899
1.1281690363522987
2.299999952316284
3.685278196310868
33.47700671936416
202.3269079421784
38.297872340425535
238.21620796799255
0.7413793103448276
0.7887037037037037
0.3481451308158906

TBF
25.43509298908879
41.80204821423035
0.9487179661026368
2.0999999046325684
3.5134391231081374
28.94853211219694
215.34642726879474
3.1746031746031744
127.716938303562
0.5983606557377049
0.7468253968253968
0.3185375339962062

TBF
34.4257460864475
59.23726400997026
1.0500000209337281
2.299999952316284
3.6383148691023233
38.064060955549834
204.31436843526294
34.166666666666664
205.60948620422403
0.7151898734177216
0.8064502164502164
0.3592045728308206

TBF
32.377434524969615
70.99999923706055
1.132812520605512
2.299999952316284
3.680735736117709
36.05817026108732
184.37645498294597
31.2
235.69036724443166
0.7441860465116279
0.8358730158730159
0.4913540056892361

TBF
27.601424141242127
43.8785800860687
1.082222243481212
2.0999999046325684
3.5684923401095747
31.169916481351695
245.350161189068
12.195121951219512
155.15773110572488
0.6006944444444444
0.7446296296296298
0.2989778834178631

TBF
31.542156256857105
57.09999561309815
1.0012500185519457
2.5
3.660386494763613
35.20254275162076
205.31916413687622
44.285714285714285
203.53824846523807
0.7115384615384616
0.736005291005291
0.37401522006602883

TBF
30.434916273364053
53.565253105580126
1.041176491362207
2.200000047683716
3.6141815148755834
34.04909778823963
245.7780202316778
14.705882352941178
217.85988735439307
0.6925287356321839
0.808968253968254
0.375125890862852

TBF
26.647887711798987
51.35398219830408
1.030357160073306
2.200000047683716
3.5849586089067973
30.232846320705804
228.83219462267175
19.587628865979383
193.7970594263894
0.6891025641025641
0.727936507936508
0.38789509409217604

TBF
27.44062137561348
45.70802069180508
1.048275879873284
2.0999999046325684
3.563573470659646
31.00419484627312
248.98482497660763
4.938271604938271
165.24620687962502
0.5974025974025974
0.741111111111111
0.40805128429730514

TBF
32.06168255642789
57.298986684964554
0.9738461725986921
2.299999952316284
3.629169612112686
35.69085216854058
202.2594263021077
38.095238095238095
218.9828362618155
0.7692307692307693
0.7352380952380952
0.3747181348308505

TBF
26.031555350573576
47.4286803017426
1.1574468243312328
2.5
3.6593850879826806
29.690940438556286
202.40866924816066
24.137931034482758
168.13474701666888
0.696969696969697
0.8520634920634921
0.3324149588661036

TBF
28.6927706736984
53.67888437403492
0.9816666858891646
2.200000047683716
3.627002363582334
32.31977303728074
207.75951598139284
17.391304347826086
185.43931353560703
0.6710526315789473
0.7557936507936508
0.3204481829890055

TBF
27.296282206813892
49.18283444785022
0.907142873853445
2.0999999046325684
3.5096700534581022
30.805952260271994
184.01736347802867
7.142857142857142
143.19747418702866
0.6269230769230769
0.7833333333333333
0.3859684437571267

TBF
25.84564747619829
44.197365803606516
1.0714285865426063
2.0999999046325684
3.588819311918606
29.434466788116893
198.48499556592614
0.0
96.57200895368965
0.46120689655172414
0.7902116402116403
0.2557007201188136

