AFF
35.01355468551718
67.20000076293945
0.43725490803812067
4.400000095367432
3.333076089467824
38.34663077498503
146.93754318595765
61.170212765957444
195.12976447465115
0.8082191780821918
0.5033862433862434
0.5831478523025353

AFF
34.242945891240375
61.5133556239615
0.4481481666918154
3.3000001907348633
3.298545694655054
37.541491585895415
153.847472867068
59.77011494252874
183.49405460893942
0.7839285714285714
0.5023809523809523
0.6461127239264547

AFF
40.56631352132935
75.13869513057975
0.6024390240994896
3.5999999046325684
3.4658634385982685
44.03217695992758
159.62103896624737
65.57377049180327
243.92244193698536
0.8422619047619048
0.4396560846560847
0.7437549099601202

AFF
38.23175002323452
62.00011730686953
0.5696428801332202
3.3000001907348633
3.364462472463648
41.59621249569816
144.5785619447368
55.4054054054054
181.37142115368766
0.8238636363636364
0.5503703703703703
0.8346550091457947

AFF
32.063720503712005
58.310608271135216
0.6100000202655792
3.5999999046325684
3.393030790356641
35.45675129406865
178.06566374215157
58.620689655172406
189.0081811751054
0.7829861111111112
0.4384656084656084
0.7494157383076089

AFF
42.52113834634752
67.48877600758904
0.376056347094791
4.400000095367432
3.3259232859749965
45.847061632322486
193.23092237916305
69.46308724832215
275.54146831106965
0.9120879120879121
0.3594444444444444
0.3336008466407511

AFF
30.923857371171977
59.384968994854226
0.2306451682121523
3.3000001907348633
3.19118290536259
34.115040276534565
179.7513600636868
59.798994974874375
208.56902717853364
0.8234375
0.3583068783068783
0.7859501927149479

AFF
34.92002681241865
59.09311583292804
0.4525423797510438
4.400000095367432
3.3512879385715686
38.27131475099022
185.9033073430714
60.10362694300518
216.9077949310231
0.8555194805194806
0.4507936507936508
0.6258044719362797

AFF
35.7778586220045
57.00857696422986
0.6346154098327343
3.3000001907348633
3.3487405462000757
39.12659916820455
156.980353100748
58.38509316770186
184.04021125641344
0.8208955223880597
0.4666666666666666
0.2935760293334246

AFF
33.88972229102921
63.29351255938218
0.5600000164725564
3.3000001907348633
3.4046450483765742
37.294367339405774
146.89341919749998
54.966887417218544
185.21313739194588
0.8088235294117647
0.5148148148148148
0.5767806482831301

AFF
36.12019336530633
71.37473655717591
0.377966106948206
4.400000095367432
3.287905963076903
39.40809932838324
146.5278610491078
62.31884057971014
225.89586443960303
0.8814102564102564
0.4548148148148148
0.46890390714527314

AFF
40.36226906850456
85.76773368245152
0.5819672228860073
3.5999999046325684
3.369325885914136
43.73159495441872
124.64074897024898
56.896551724137936
193.62525902535035
0.775
0.4957671957671958
0.8400610337416073

AFF
32.769999023563194
61.53045232910736
0.3116666734218597
2.200000047683716
3.2499958133874642
36.01999483695066
173.05225494963022
60.60606060606061
209.73856081599953
0.8317307692307693
0.4329365079365079
0.6614491564856824

AFF
41.539250653166775
80.89999980926513
0.8434210811790667
3.5999999046325684
3.5457577467028245
45.085008399869565
161.84768872093755
66.40625
272.0865046041822
0.8837209302325582
0.5264550264550265
0.7938300391941524

AFF
35.109702328031304
66.2809767137372
0.4773333390553792
3.5999999046325684
3.3708182261492237
38.480520554180515
170.3635076850865
61.083743842364534
215.00909969239797
0.8212025316455697
0.41761904761904767
0.7751705439083985

AFF
32.96975387333463
58.30126775965639
0.2524590257738457
3.3000001907348633
3.181255454520962
36.15100932785562
165.18382771976354
61.34020618556701
190.5024216362676
0.7983333333333333
0.46333333333333326
0.7122926008228957

AFF
32.97947314261889
55.493047452213546
0.22000000774860382
3.3000001907348633
3.1547828895187395
36.13425603213764
154.00218308822167
54.861111111111114
169.63620919228535
0.823076923076923
0.4860846560846561
0.4558749583028075

AFF
31.910888539753525
60.7481985390612
0.48857143436159406
3.5999999046325684
3.2587093207976383
35.16959786055118
194.79349947592877
60.36866359447005
235.87341508439275
0.8430232558139535
0.3332804232804233
0.7951448439691697

AFF
35.721503648103166
66.72820124561181
0.3603448374518033
3.3000001907348633
3.2669476295616153
38.98845127766481
163.46825505473416
60.86956521739131
215.2422764702216
0.8179012345679012
0.4136507936507936
0.2787609896285008

AFF
38.3076041796334
64.90645998391804
0.6421052844900834
3.5999999046325684
3.480123275230677
41.78772745486414
163.4593689606117
60.0
217.00906034462133
0.8597972972972973
0.5092063492063491
0.6221603142570817

AFF
43.78662838365786
78.95310813269788
0.7149425498370466
3.5999999046325684
3.5983121897647874
47.38494057342266
187.51942304920055
69.71608832807571
295.37742675932486
0.8645833333333334
0.42578643578643577
0.6437738310678072

AFF
42.43788410446614
67.20000076293945
0.8966101832309011
4.400000095367432
3.5031525876082683
45.94103669207441
151.99257210468198
63.541666666666664
213.7503232524617
0.8767857142857143
0.49353741496598635
0.5969966747159284

AFF
38.540454308273254
69.49971516966222
0.2339622659503289
3.5999999046325684
3.1615045162821716
41.70195882455545
140.10363309236848
57.647058823529406
199.89494938546832
0.8836805555555556
0.5114285714285715
0.6894502354743023

AFF
37.0658703673919
67.20000076293945
0.5064516240550626
3.5999999046325684
3.4653823414899203
40.5312527088818
152.62376021455407
62.03208556149733
213.93119250139603
0.8820422535211268
0.5313492063492063
0.4156386545386435

AFF
40.96390629730612
75.03058440814266
0.7727272913053438
3.5999999046325684
3.595182353108818
44.559088650414935
170.04490986258463
68.50393700787401
248.4566445743061
0.8640625
0.5833405483405483
0.2774585680494128

AFF
40.223784207888876
73.26685396565848
0.8318840576254803
4.400000095367432
3.5907786934862864
43.81456290137514
173.99041456713763
67.1875
248.07092726317225
0.8184523809523809
0.42158730158730157
0.4568888491727112

AFF
34.880999182064485
62.27359305940971
0.3102564200376853
3.3000001907348633
3.2301067144576945
38.1111058965222
130.8563510894002
53.125
159.97897977856158
0.8270833333333333
0.5038888888888889
0.7633823547821694

AFF
35.8223092690124
58.19999551773072
0.30877193651701274
2.200000047683716
3.2273689986364795
39.04967826764887
158.93352997165798
59.195402298850574
193.96923617116985
0.846830985915493
0.3888888888888889
0.6087651021668574

AFF
37.26426619851588
62.699995136260995
0.7046875283122063
4.400000095367432
3.525447085200499
40.78971328371635
201.23519650826225
65.58704453441295
259.97215823115755
0.8720588235294118
0.4584126984126985
0.6408070620377262

AFF
41.01290688630944
67.20000076293945
0.38775510933934426
3.5999999046325684
3.300610549768745
44.31351743607815
139.0965326833744
65.82914572864321
197.13587164183414
0.8786764705882353
0.4266666666666667
0.397561965105506

ANF
29.663241156662004
50.989521668419066
2.379487231755868
4.400000095367432
4.519975146004147
34.18321630266615
269.8812654567436
3.614457831325301
214.85075593062516
0.590625
1.0
0.6104497929562396

ANF
29.380414115883976
46.47783044432105
2.0476190816788447
3.5999999046325684
4.276922859698406
33.6573369755824
269.591480667404
6.25
192.10602773246438
0.6066666666666667
1.0
0.598306525203844

ANF
30.185043277814007
52.94152094723795
2.1980769611321964
3.5999999046325684
4.407571019508172
34.59261429732219
218.922795545726
2.898550724637681
178.913640663699
0.6119402985074627
1.0
0.5694357387479352

ANF
29.009034291665174
46.646648750431815
2.208000044822693
4.400000095367432
4.317043361683264
33.326077653348456
225.72322623747198
1.5151515151515151
170.71152182769154
0.6096153846153847
1.0
0.6237540187235285

ANF
31.824451415489808
53.18013727687005
2.2074627271339073
4.400000095367432
4.297665347496561
36.12211676298637
247.81888717646083
5.063291139240507
198.61717935359616
0.6266666666666667
1.0
0.5221649689763549

ANF
26.841862740422677
53.176025749988675
2.1935484044013487
4.5
4.41538436773776
31.25724710816046
264.5791186169363
2.4390243902439024
237.76945330870046
0.6796875
1.0
0.623497974451026

ANF
30.208914580437106
51.769507696988185
2.117241415484198
3.5999999046325684
4.332066232774411
34.54098081321154
246.16888949761614
7.59493670886076
185.4723258556138
0.5907534246575342
1.0
0.6072292756862806

ANF
27.35235005204412
46.684828780826315
2.101612929374941
4.400000095367432
4.338708201251056
31.69105825329519
300.9379762119096
6.8181818181818175
230.80601507836175
0.6432926829268293
1.0
0.5962593174638761

ANF
31.13959020229029
49.89665162063495
2.194642878004483
5.699999809265137
4.252064868536613
35.39165507082692
256.79832176249874
6.493506493506493
166.40853620328244
0.5572916666666666
1.0
0.6003000898038453

ANF
29.740184184936393
46.1278921902259
2.0578947694678056
4.400000095367432
4.191989165197036
33.93217335013346
216.23503477862445
1.6666666666666667
140.76697118312617
0.5699152542372882
1.0
0.6712523647382309

ANF
31.84365508476314
48.3184274300336
2.046428593141692
3.5999999046325684
4.297579205534473
36.141234290297625
269.57667033838254
1.2658227848101267
201.94712656795315
0.6057692307692307
1.0
0.6169812318792872

ANF
30.21842867257943
58.31845540235717
2.278205168552888
5.400000095367432
4.386176778546667
34.604605451126105
217.46138416967074
3.79746835443038
206.0035142740926
0.6233552631578947
1.0
0.6355896748322921

ANF
32.21875596783402
50.60543634533622
2.3400000360276962
5.699999809265137
4.546234539567079
36.76499050740111
294.63723634123266
10.989010989010989
243.32240219346377
0.6728395061728395
1.0
0.5942469998804188

ANF
27.99337380449324
45.95176783648592
2.1545454769423515
3.5999999046325684
4.208730689659251
32.20210449415249
213.9014629632686
0.0
150.48279830426867
0.6271929824561403
1.0
0.679541715684982

ANF
28.774633428022227
46.67110910800941
2.2089286020823886
4.5
4.369175777728846
33.1438092057511
262.1067795044143
1.3888888888888888
166.669995781096
0.5545774647887324
1.0
0.6094867440084363

ANF
25.91044371695952
43.78488687292031
2.2225000143051146
4.5
4.274919791644475
30.185363508604024
216.424892706692
17.105263157894736
163.0479709065243
0.6170634920634921
1.0
0.4686359162584943

ANF
31.645961590765808
45.5895086695957
2.190000029404958
3.5999999046325684
4.359996984307738
36.005958575073535
256.10456775424103
4.10958904109589
201.34549001071028
0.6589285714285714
1.0
0.49248411015492566

ANF
27.973211389012686
48.67077212598851
2.1160000276565554
4.400000095367432
4.272996158896123
32.24620754790884
245.1138709016387
5.405405405405405
206.96242542359556
0.6928571428571428
1.0
0.656610498492582

ANF
27.664151990303278
45.5587348332952
2.3367647388402153
5.699999809265137
4.421469326355035
32.08562131665832
284.3090568183142
3.79746835443038
220.88619578289266
0.6694078947368421
1.0
0.7101467632317956

ANF
28.201098069497483
45.89869177226996
2.2271428959710255
4.5
4.395529714998598
32.5966277844961
293.3248628511437
5.0
205.1772342862471
0.6151315789473685
1.0
0.5689201003155175

ANF
27.706050469255334
46.612212928101435
2.1727273139086636
4.400000095367432
4.297131637424328
32.003182106679695
253.79057781881733
4.166666666666666
186.55254247538366
0.6340579710144928
1.0
0.6082222906296672

ANF
31.901223946741247
53.35959101923004
2.32432436137586
4.5
4.487876609936088
36.389100556677356
278.2519467920887
2.3529411764705883
216.39143020661743
0.5963855421686747
1.0
0.6961139081469562

ANF
30.573822345156053
47.95275731187132
2.1308823823928833
4.400000095367432
4.316631520541884
34.890453865697935
302.89886192075346
1.1111111111111112
263.4998715788818
0.6769662921348315
1.0
0.5759701648060438

ANF
29.05286448123215
48.97314098065993
2.13333336353302
4.399999618530273
4.440958465132502
33.493822946364624
305.8575670608877
12.244897959183673
254.95983171177596
0.6671511627906976
1.0
0.6013851708290119

ANF
31.52194655464796
57.07826550000466
2.232467577054903
4.5
4.412742261370835
35.93468881601882
246.81684936832363
7.777777777777778
224.52160821388233
0.6189759036144579
1.0
0.628941652051227

ANF
29.817497336374725
48.357823681326686
2.2265306394927356
4.400000095367432
4.31257722972857
34.1300745661033
235.78216557555257
6.8493150684931505
206.03321475589888
0.7022058823529411
1.0
0.6085076185326197

ANF
29.857567284397128
48.64043658253096
2.3573034171308023
4.5
4.529519118361532
34.38708640275867
278.73154322371175
10.344827586206897
193.84653749581597
0.5608974358974359
0.9911111111111112
0.596687878887789

ANF
31.12850044355437
47.44811339033535
2.062711901583914
3.5999999046325684
4.357324286434128
35.48582472998853
261.9971868105285
1.36986301369863
186.94083334288166
0.5989583333333334
1.0
0.592616326014096

ANF
28.48749863528486
47.81642763998387
2.257142899291856
4.400000095367432
4.374128734330456
32.86162736961535
248.98301040668946
5.405405405405405
186.15160492100176
0.6071428571428571
1.0
0.5917142932784683

ANF
29.670520121127108
49.860616752097734
2.076923104432913
3.5999999046325684
4.333697327099456
34.004217448226576
244.52667674103787
4.225352112676056
190.1051422446261
0.6525735294117647
1.0
0.5983683648596121

LBG
26.82933105816069
41.72667677521671
0.3034482865497984
3.3000001907348633
3.2076991867524396
30.03703024491314
213.3181226576998
34.54545454545455
179.1269525280632
0.7708333333333334
0.3526984126984127
0.5848852803306429

LBG
36.27630775079039
60.304891621182676
0.9459184140575175
3.5999999046325684
3.5994398129768728
39.875747563767256
213.45622467807092
45.28301886792453
259.9208053605671
0.8132183908045977
0.4346031746031746
0.49818710351313344

LBG
33.014456576662894
52.099779079829545
0.4400000182065097
3.3000001907348633
3.3550487678397465
36.369505344502635
189.27603566657106
39.6551724137931
174.31238006071277
0.7482142857142857
0.4442063492063492
0.48919333601638626

LBG
32.530640827318635
48.94385167483181
0.07021276747926752
1.100000023841858
3.057559745531698
35.58820057285033
182.11633457847637
50.0
191.66860244910674
0.8982142857142857
0.36365079365079367
0.4387318231421416

LBG
34.86612108928011
54.97904788678633
0.6014285922050476
4.699999809265137
3.4002326903424067
38.26635377962251
219.94075849767117
45.625
247.11539968207228
0.8405172413793104
0.39026455026455037
0.4433841348800295

LBG
31.782960212579745
57.52242857671972
0.4207547318260625
3.5999999046325684
3.2836099901417426
35.0665702027215
163.11025890852423
43.41085271317829
179.71276566043795
0.761986301369863
0.49489898989898984
0.6162391839103596

LBG
32.34080983608273
55.34273610045774
0.18082192336043265
4.400000095367432
3.181460521449428
35.52227035753214
188.63990038885112
45.22292993630573
211.59984820866634
0.7790697674418605
0.3642063492063492
0.5400506570072031

LBG
30.15384449812562
53.533328034377696
0.1896551806351234
3.3000001907348633
3.1829863287262232
33.336830826851816
180.28694457576293
36.607142857142854
180.73603434425817
0.7975352112676056
0.48931216931216936
0.5051180185325418

LBG
29.432747454996967
49.13651809445316
0.13050847942546262
3.3000001907348633
3.1164087794104542
32.54915623440742
185.38611810493333
35.96491228070175
178.41965698170225
0.7825342465753424
0.3633333333333333
0.37283668620394333

LBG
30.609046078406866
59.03492476463825
0.03859649206462659
2.200000047683716
3.0376236781059203
33.64666975651278
138.11537603735727
41.07142857142857
142.54709212403708
0.7140151515151515
0.4847619047619048
0.33853753009212906

LBG
32.89056537478255
46.818181251250806
0.2538461639330937
3.3000001907348633
3.213721193328095
36.10428656811065
199.66047293153613
37.93103448275862
187.95358846640647
0.8159722222222222
0.4456349206349206
0.4701968118157937

LBG
34.657024630840326
53.65675738088616
0.2933333456516266
3.3000001907348633
3.253359514713587
37.910384145553934
194.26655737707253
37.00787401574803
197.55120883716492
0.7640625
0.43529581529581535
0.5384550873290459

LBG
32.6563227816027
58.68098558045326
0.5819672404742632
3.5999999046325684
3.409683284050822
36.06600606565352
184.3930278377419
41.48148148148148
209.80302791659057
0.7927215189873418
0.4140476190476191
0.49394872020772934

LBG
34.96099027144939
60.4468811036927
0.5892857398305621
4.400000095367432
3.4534184892540223
38.414408760703424
176.4396566104212
38.01652892561984
183.8742587736945
0.7233333333333334
0.5001587301587301
0.5122122557526229

LBG
27.36719000183425
46.95168109414687
0.4068181948228316
3.5999999046325684
3.279706713476455
30.646896715310696
191.90307108383257
40.0
184.94846604107457
0.8188405797101449
0.4384126984126985
0.4951158458192721

LBG
34.342110734012344
54.50513122010401
0.31730770606261033
3.3000001907348633
3.216033031229079
37.558143765241404
161.2317563865745
34.65346534653465
156.26205510638187
0.7291666666666666
0.4346031746031746
0.5314733891974727

LBG
34.79583912826464
54.32935039979421
0.5812500137835741
4.400000095367432
3.427301639568549
38.22314076783318
193.93863844620975
36.440677966101696
211.29376344931086
0.8133333333333334
0.41751322751322756
0.5800559376435123

LBG
32.52367211191844
55.20439433195092
0.7714286005342161
3.3000001907348633
3.4470458793561467
35.97071799127457
192.44277295497142
40.0
202.58800448953977
0.7733333333333333
0.4101587301587301
0.51745968888307

LBG
28.270988252396698
46.8485214819562
0.28139536048090735
4.400000095367432
3.2274690312093086
31.498457283605998
173.56739876216153
38.83495145631068
145.40251451587756
0.7142857142857143
0.47291005291005295
0.5613764141368038

LBG
32.30080919263716
52.38058507967258
0.15348837819210318
3.3000001907348633
3.122074438320198
35.42288363095739
155.0536890025868
34.375
131.79519804552314
0.6706349206349206
0.4737037037037038
0.5206973319447034

LBG
30.383610242107707
51.30000047683716
0.3397059002343346
3.3000001907348633
3.251682378553703
33.63529262066141
187.35354112176566
41.35338345864661
204.56899758881087
0.8092948717948718
0.40793650793650793
0.42669047619047507

LBG
29.18324104202325
51.50320562050782
0.3437500149011612
4.400000095367432
3.241623310790099
32.424864352813344
171.96490559498037
38.67924528301887
148.1834359241053
0.7
0.41015873015873017
0.5097146567656207

LBG
34.78757910513763
61.54008996823683
0.4800000125711614
4.400000095367432
3.307831106936927
38.09541021207457
167.5270809685573
48.29931972789115
201.4432762980673
0.8009868421052632
0.41269841269841273
0.3944511925003197

LBG
30.66003572903125
52.96808536252501
0.23934426854868404
3.5999999046325684
3.204632211484931
33.86466794051616
194.493744590016
46.85314685314685
206.7026295383565
0.8486842105263158
0.43918710918710924
0.4876495448526226

LBG
33.32417654984734
54.223162210472104
0.5253731528324868
4.400000095367432
3.409197472264008
36.733374022111335
216.5867222859269
39.285714285714285
217.45261874884199
0.7485294117647059
0.432037037037037
0.511730360843686

LBG
33.64882251334517
56.26774335985979
0.4852941386839923
3.3000001907348633
3.3426586270617764
36.99148114040695
178.76671176413504
46.715328467153284
192.43210744774473
0.791095890410959
0.4716239316239316
0.4612197958402392

LBG
30.396927009993956
46.88487548903836
0.34629630600964584
4.400000095367432
3.2527398842149498
33.649666894208885
216.1887229830371
39.84375
210.6231555941401
0.8344155844155844
0.397989417989418
0.47955841674104277

LBG
31.520554339146578
52.37586353913787
0.5596491495768229
3.3000001907348633
3.312916225445446
34.833470564592034
199.06208501489587
40.76923076923077
208.5322487187767
0.8165584415584416
0.4902645502645503
0.5325860538335274

LBG
34.01385267168439
59.934352139288414
0.3280701846407171
3.3000001907348633
3.233571327466424
37.24742399915083
156.3676255683196
38.655462184873954
166.83887340413855
0.702054794520548
0.5114814814814815
0.5133700717600829

LBG
27.95285299781809
49.17233735167895
0.366666683783898
3.3000001907348633
3.237174038175499
31.190027035993623
174.73555473377263
29.213483146067414
145.65809474575425
0.7162698412698413
0.47838624338624336
0.6273147864896864

LFF
20.613114018228785
42.385705179460196
0.0
0.0
2.999151651565858
23.61226566979464
229.14802527290936
2.666666666666667
97.09730943780252
0.4434931506849315
0.24293650793650795
0.1571685979845599

LFF
26.972168545582626
39.89777378585736
0.0
0.0
2.9983788529439805
29.97054739852662
327.16307039627014
6.9306930693069315
175.79630413853522
0.6236702127659575
0.19092833092833092
0.24570674468532966

LFF
22.508034971658024
40.68495556028764
0.0
0.0
3.0
25.508034971658017
211.5657889062888
4.411764705882353
83.25
0.4269230769230769
0.31851851851851853
0.21996544775933882

LFF
19.119337953041228
38.946645414892124
0.0
0.0
3.0
22.119337953041228
263.8305528045682
7.142857142857142
126.0
0.5384615384615384
0.2567460317460318
0.22638041253862046

LFF
22.403688366538173
38.939208545788546
0.0
0.0
2.9994713801686723
25.40315974670684
263.68487529966023
6.25
114.72977312566749
0.51
0.2325925925925926
0.2168546686272531

LFF
20.45577810933225
36.55517750396378
0.0
0.0
3.0006364559060157
23.456414565238262
313.166756652649
4.597701149425287
123.75889996944662
0.49698795180722893
0.21156084656084656
0.2592577661052628

LFF
26.047619277998358
39.61101299120186
0.0
0.0
2.999448914600699
29.047068192599063
223.27868916593638
4.285714285714286
77.60653863912341
0.38619402985074625
0.25285714285714284
0.16558885831327388

LFF
20.93597005354719
39.03596129304514
0.0
0.0
2.998687379153995
23.934657432701183
234.39741149994003
5.714285714285714
89.96741867219089
0.45454545454545453
0.2874867724867725
0.24292581888578896

LFF
20.889183395168093
40.392255593378536
0.0
0.0
2.999848268366367
23.88903166353446
226.02075054677084
4.166666666666666
100.87353750130713
0.48731884057971014
0.24540816326530615
0.2688277413299327

LFF
21.868450347262822
40.02212543848542
0.0
0.0
2.999795018457049
24.868245365719865
310.4214044208775
6.0
166.11777440061095
0.589095744680851
0.17587301587301585
0.24845654607273368

LFF
24.640394455126117
39.393726770415725
0.0
0.0
2.9988774142717403
27.639271869397856
187.52625842384543
9.67741935483871
65.60615049984281
0.390625
0.2924603174603175
0.25196842488366505

LFF
17.130986409344366
40.43258053039376
0.0
0.0
2.999400201934909
20.13038661127927
265.09526267370666
3.571428571428571
133.10678113377284
0.5478395061728395
0.22415343915343916
0.15716859798455984

LFF
21.065554785259117
41.56540345999453
0.08800000190734864
1.100000023841858
3.0521290653685953
24.117683850627724
201.8880530602346
11.267605633802818
87.09154916933305
0.44642857142857145
0.31000566893424036
0.34373462359945994

LFF
21.249593523682833
37.475902916173524
0.0
0.0
2.9987576656886885
24.248351189371526
283.9519020132496
4.938271604938271
112.81550199120763
0.48863636363636365
0.2230952380952381
0.21415232420034455

LFF
22.641442733661822
40.47041964124336
0.01641791080360982
1.100000023841858
3.0159701179812166
25.657412851643038
263.0453366087187
11.11111111111111
126.80772271052533
0.525
0.24285714285714288
0.30919735364966255

LFF
19.791760523122694
42.42201671455321
0.0
0.0
2.9997707974681007
22.791531320590792
241.52055413948918
6.097560975609756
102.37058785126094
0.4431818181818182
0.21748677248677248
0.2702558713719695

LFF
20.415040289830348
39.70242503029373
0.0
0.0
3.0
23.415040289830333
248.23771597386738
7.792207792207792
101.625
0.477112676056338
0.2750793650793651
0.22259723168312917

LFF
21.25573555424663
40.23066907839907
0.0
0.0
2.9995386768742427
24.255274231120875
268.63254439109426
4.819277108433735
108.73447042518865
0.4588607594936709
0.2146825396825397
0.12558812263598326

LFF
21.261038573791073
39.1540509743022
0.0
0.0
2.9998760927457435
24.26091466653682
280.64272773735036
8.98876404494382
115.8649635124052
0.47685185185185186
0.20746031746031746
0.2025047629632449

LFF
26.27995662280844
39.52388453765401
0.0
0.0
2.999707452848902
29.279664075657347
242.25325274803188
2.8169014084507045
89.61332124366433
0.4329710144927536
0.24849206349206351
0.17078279777258865

LFF
20.319258593486655
37.572016339481195
0.021153846612343423
1.100000023841858
3.0170833006722746
23.33634189415893
270.18531307041457
12.048192771084338
113.95906291806287
0.5171232876712328
0.3025661375661376
0.28659516928914863

LFF
24.195719735437283
38.97946125477617
0.0
0.0
2.99883503742686
27.194554772864155
265.40049401494815
3.8461538461538463
103.46781117373183
0.46
0.2608994708994709
0.2168546686272531

LFF
23.939894929178106
39.03958141327647
0.0
0.0
2.998145625104151
26.938040554282253
230.82615104342693
4.411764705882353
85.44826335713294
0.43846153846153846
0.2505555555555556
0.1590104803619728

LFF
25.14607772186873
41.350214404228176
0.0
0.0
2.9992018559232254
28.14527957779194
227.80644140343193
8.974358974358974
94.10852670007988
0.44190140845070425
0.29256613756613764
0.25396237414394646

LFF
19.26505987565078
39.192206225886
0.0
0.0
2.999959666671801
22.265019542322573
191.07285797464456
8.47457627118644
65.24144987233092
0.4027777777777778
0.3828571428571429
0.21763653193126475

LFF
20.83836108036078
39.91450880857783
0.07857143027441842
1.100000023841858
3.053728381452058
23.892089461812827
301.08194104069383
8.60215053763441
158.00669118385068
0.6058823529411764
0.2723015873015873
0.2870500127944909

LFF
19.53875655340189
38.411872774899884
0.0
0.0
2.9993685113615154
22.5381250647634
259.54131066509035
4.0
103.47872628290428
0.4791666666666667
0.23301587301587304
0.19103626046073874

LFF
20.699495283095832
39.89776624185167
0.05384615140083509
2.0999999046325684
3.0403578991044333
23.739853182200264
215.18516637998837
7.575757575757576
74.51696612522623
0.39959016393442626
0.28370370370370374
0.17495179199122282

LFF
17.01477540099198
40.527798885561516
0.03888888712282534
2.0999999046325684
3.032015154592136
20.04679055558411
254.18156887612903
4.938271604938271
124.39055571122202
0.5324675324675324
0.2756349206349206
0.21086920220676925

LFF
19.64615720324834
39.407008289434565
0.0
0.0
2.997369033538754
22.6435262367871
274.60271135917606
4.878048780487805
111.62250013057613
0.4775641025641026
0.2577777777777778
0.23808295779261185

RAN
29.301813152407526
50.500585828197046
2.637209337811137
5.699999809265137
4.671547472460883
33.973360624868405
225.28689752108124
9.090909090909092
110.33221016995432
0.3875
0.8624149659863946
0.2616094817441119

RAN













RAN













RAN













RAN
37.50392316821558
159.48758339889125
2.4352941345058237
5.699999809265137
4.530709305742821
42.03463247395842
98.23350484559258
33.6283185840708
149.79500975369095
0.445
0.841984126984127
0.32850689966151675

RAN













RAN
28.35296116846627
47.526338625026284
2.2458333467754223
5.699999809265137
4.451252113192221
32.804213281658505
279.40532414962416
19.54022988505747
170.37461498020423
0.5410714285714285
0.8607142857142858
0.3650204065029024

RAN













RAN













RAN













RAN













RAN
45.57530286269889
283.4543134768093
2.5468750335276127
5.699999809265137
4.588418577991017
50.1637214406899
64.87954000842637
40.87591240875913
179.10655880100157
0.4783950617283951
0.8098412698412698
0.36293098038611976

RAN
34.50357611691345
59.45914557890399
2.271052671792476
4.699999809265137
4.4962911245483514
38.999867241461814
247.19347927920833
10.227272727272728
170.53134115303402
0.4778481012658228
0.8393650793650793
0.3489133751654882

RAN













RAN
32.74597395289295
129.89999857395884
1.8551724545400718
4.400000095367432
4.217782657347378
36.96375661024036
123.73403588340399
33.89830508474576
171.326597980279
0.5128205128205128
0.8581632653061224
0.3794250979389147

RAN
33.30392693631481
56.39999618530274
2.225000042298978
5.400000095367432
4.404444334420019
37.70837127073482
202.86249897340082
16.883116883116884
132.6386785774216
0.46875
0.89328231292517
0.35826422567910393

RAN
31.02343130855631
59.67072166406608
2.06515156139027
4.699999809265137
4.344805060909141
35.36823636946546
239.98586985037076
20.833333333333336
170.37221592379237
0.5082236842105263
0.8297883597883597
0.34431599363533033

RAN













RAN
34.95269727723475
56.610573431639715
2.4647059265305016
5.699999809265137
4.576683003650111
39.52938028088488
244.27528090128587
13.978494623655912
169.10952150780523
0.4625
0.8375661375661375
0.4100823914975172

RAN













RAN













RAN
32.49657790396442
54.92076142479682
2.418367383431415
4.699999809265137
4.576856929239566
37.073434833203976
233.15344174665032
15.18987341772152
112.18502050359967
0.3619402985074627
0.9293650793650794
0.3427376288305651

RAN













RAN
30.354248074787172
43.4580287186949
2.528395105291296
5.699999809265137
4.70328046676257
35.05752854154971
312.4563393456778
9.523809523809524
186.72897153252273
0.5263157894736842
0.7671201814058957
0.41918847930452424

RAN













RAN
33.42009535797123
58.01847604413418
2.4521739586539892
4.400000095367432
4.627580940913211
38.04767629888442
242.20333923859994
16.129032258064516
144.84093065357328
0.40544871794871795
0.8271428571428572
0.32108246190823597

RAN
38.621191961733345
162.7169656379224
1.947058824931874
5.400000095367432
4.282002670017516
42.90319463175088
87.09795125336035
50.35971223021583
135.71757298491386
0.46557971014492755
0.8493650793650793
0.3267490890233391

RAN
30.826746899724085
57.89118347039056
2.3093023627649907
5.699999809265137
4.275979553031003
35.10272645275512
197.74521375730876
18.9873417721519
109.66634187248451
0.40234375
0.9144444444444445
0.22671430608066565

RAN
38.948670933637985
140.40000162422652
1.8017544303285449
5.400000095367432
4.253000075184792
43.2016710088228
101.05155926641369
42.62295081967213
121.13484755984518
0.40714285714285714
0.8388888888888889
0.29932290503796943

RAN
32.050514366730276
50.23023332893821
2.4125000735123954
5.400000095367432
4.44874372443698
36.49925809116728
234.2366288100802
18.39080459770115
117.80678197144607
0.36619718309859156
0.8846560846560848
0.3222370774331975

TBF
24.507904355859665
42.90367884916226
0.9059701646441845
2.0999999046325684
3.569010472997836
28.076914828857525
247.07225532552883
0.0
106.23347552534102
0.39473684210526316
0.8077777777777777
0.4227650021732112

TBF
21.98531482845376
40.259037206366514
1.065957468716388
2.5
3.553092598483501
25.538407426937265
261.46916485128736
0.0
92.82099340677927
0.38235294117647056
0.8009523809523809
0.338558889023628

TBF
21.980902098931043
41.008711742957566
1.0268292870463394
2.0999999046325684
3.5350892810347356
25.51599137996578
239.6722810496836
0.0
73.97454920484292
0.32421875
0.7949206349206349
0.25320076146292875

TBF
25.24871592740602
40.086972750027414
0.7538461679449449
2.0999999046325684
3.4798126552375828
28.72852858264361
264.2595685764175
1.2987012987012987
125.29106619523796
0.48026315789473684
0.6995682888540031
0.4061805383439745

TBF
26.19751545580401
41.19688422970766
0.9066666830331087
2.5
3.576223885910993
29.773739341714997
283.31260930761545
0.0
108.53336029973288
0.4066666666666667
0.7653968253968254
0.33965462425144677

TBF
23.844306111128212
41.00492498384893
0.8405063455052013
2.0999999046325684
3.526745745250939
27.371051856379133
337.6612195441022
0.0
137.56194485295322
0.43472222222222223
0.7034656084656083
0.4047595192411484

TBF
28.568173342640613
44.23886320197626
1.0411764903395784
2.0999999046325684
3.557344793685014
32.125518136325624
230.12449832128868
0.0
77.44862364108462
0.3045774647887324
0.8033333333333333
0.376998408651573

TBF
27.55602737060582
46.51729803442411
0.8647059010451331
1.100000023841858
3.5341841283494375
31.090211498955277
248.6253374812504
0.0
119.09060720596833
0.4234375
0.741111111111111
0.43681677227153526

TBF
24.348889352604136
44.4535426393659
1.037500022444874
1.100000023841858
3.5553883528761685
27.9042777054803
222.12639704358847
0.0
83.40856995984363
0.32922535211267606
0.7899999999999999
0.38198525430775343

TBF
29.08814575549148
41.2513296983149
1.0487179641540234
2.0999999046325684
3.5549845537229237
32.6431303092144
212.05954545835678
0.0
70.5777844267275
0.30859375
0.744126984126984
0.2599717005529205

TBF
26.634525953585126
48.65367893516868
0.9311688494953242
2.0999999046325684
3.555457437459849
30.189983391044965
247.57141858424828
0.0
135.01003669719623
0.4441176470588235
0.8007936507936507
0.5950352323429172

TBF
25.681723084077298
45.23452272602797
1.027272746915167
2.0999999046325684
3.5507595193724772
29.232482603449792
228.13257744679316
0.0
97.030553511562
0.36993243243243246
0.8285185185185185
0.43049746824176705

TBF
24.716651775387547
41.5325372643611
1.0183673660670007
2.0999999046325684
3.5490233056606306
28.265675081048208
260.0269849808309
0.0
86.16807988099303
0.3385416666666667
0.8392857142857143
0.3570231645968779

TBF
26.083446709481276
41.95520394400949
0.7380281822152541
2.5
3.5399671599730755
29.62341386945435
271.50891762713604
4.819277108433735
107.20930259423672
0.3876582278481013
0.7288888888888889
0.30637143245587395

TBF
23.311537282245624
42.46260794718858
0.9958333518976966
2.0999999046325684
3.5340062927063247
26.845543574951947
231.8899384596671
0.0
91.27580900146367
0.3611111111111111
0.763095238095238
0.3472688173811585

TBF
23.07299677951367
41.52978986630662
0.9242424412884496
2.5
3.5604121750328295
26.63340895454651
295.4214295607495
0.0
131.5174267212044
0.4583333333333333
0.8103174603174604
0.45547991558412804

TBF
21.502917032378495
39.79029019459524
0.996551740786125
2.0999999046325684
3.4937094386144425
24.996626470992936
203.0833926394571
0.0
45.9752522007949
0.23863636363636365
0.7899999999999999
0.22403130397616272

TBF
24.907890920790052
42.81187493257281
1.0019608031885296
2.0999999046325684
3.5524564920884436
28.460347412878484
250.66634112820668
0.0
93.18124645089702
0.3628472222222222
0.7807407407407406
0.36498078745104123

TBF
25.894434384842242
41.62868364447693
1.0419355032424773
2.5
3.5750271034931593
29.4694614883354
276.01472601912377
0.0
109.52775366010749
0.384375
0.7615201465201465
0.47178491240167014

TBF
24.19213765188951
41.29420347626821
1.0837838057730649
2.5
3.5530444141303215
27.745182066019833
213.43025267388273
0.0
65.76392716051498
0.31896551724137934
0.7944444444444444
0.29030480282318144

TBF
22.973050630127712
38.64864844515727
0.9918919056653976
2.0999999046325684
3.521431710838058
26.494482340965785
246.44941506104325
0.0
62.97754340592558
0.2857142857142857
0.7355555555555555
0.28006219795216925

TBF
23.86406112386982
40.395774755058135
1.0250000186264514
2.0999999046325684
3.5236465192695205
27.38770764313936
214.96199623734358
0.0
62.83300707480855
0.27976190476190477
0.7776984126984128
0.33209123988357847

TBF
24.726313922734985
40.122628267881446
1.0746031947552213
2.5
3.624787745983827
28.351101668718844
310.6579358618105
0.0
116.37955816380575
0.4050632911392405
0.8016931216931217
0.45774881151951574

TBF
24.448007901944916
38.281805985971744
0.7883117035418362
2.0999999046325684
3.5604441692939526
28.008452071238878
283.494953136356
5.747126436781609
131.74348195546912
0.45426829268292684
0.766022126022126
0.37118893617063925

TBF
23.55830591513094
41.33991062244473
0.9445783322654575
2.0999999046325684
3.591632370737899
27.149938285868842
306.53609577492665
4.2105263157894735
185.50767972224241
0.5673076923076923
0.7764550264550265
0.48997210327798746

TBF
19.874985214566493
37.59064212928789
0.9888889039556186
2.0999999046325684
3.5597907753090294
23.43477598987555
314.4593791489491
0.0
95.93897817603644
0.3732638888888889
0.7766666666666665
0.354184485794973

TBF
24.22798179153327
43.369982863434835
0.9031250142725185
2.5
3.5655191247689215
27.79350091630219
248.6532456555026
0.0
96.4567987444891
0.36333333333333334
0.7897354497354497
0.28231663861242906

TBF
23.91493845532166
44.739912537041846
1.0259259454905987
2.0999999046325684
3.5503984776005093
27.46533693292217
231.81196070190575
0.0
102.7949859263622
0.4010416666666667
0.8058201058201059
0.4612893382262698

TBF
21.814335003979842
39.41260420329959
1.0512195280412349
2.0999999046325684
3.557306299006785
25.371641302986628
228.16873497616643
0.0
59.425426049288674
0.28448275862068967
0.7967460317460318
0.25320455516819906

TBF
23.744496232400536
40.333833915487396
1.0555555721124013
2.0999999046325684
3.5846778591925323
27.329174091593075
243.7757852951137
0.0
72.08122749151613
0.30492424242424243
0.8333333333333333
0.2563890311323611

