AFF
52.10168878642746
90.83920762654017
0.7333333518770005
4.400000095367432
3.5247195879193933
55.62640837434684
118.54928893346998
76.74418604651163
224.8030839198732
0.9142857142857143
0.5639682539682539
0.2967013247068487

AFF
52.26547883833326
96.99243050276706
0.8529411904952106
3.5999999046325684
3.596085187413946
55.86156402574724
117.87896167131665
77.08978328173374
238.83898801820897
0.8986486486486487
0.5216931216931218
0.3462534672665352

AFF
56.92709694648017
106.5211958964847
0.9350877310100355
5.400000095367432
3.657867202402909
60.58496414888308
115.05114730945905
79.68337730870712
242.94976945627823
0.8701298701298701
0.5484126984126985
0.32222042558195435

AFF
47.318516436781785
104.49999990463255
0.9593750163912773
4.400000095367432
3.7592867166054296
51.07780315338721
122.18385124443056
77.29885057471265
265.3436466276443
0.8924050632911392
0.5701058201058202
0.42808743069829747

AFF
52.40674775802906
104.49999990463255
1.122727303793936
3.5999999046325684
3.754394995898981
56.161142753928026
122.01118227564636
79.48051948051949
261.4717996501811
0.879746835443038
0.507936507936508
0.3551614491543392

AFF
43.659903140570705
87.63958407783441
1.5236363822763617
3.5999999046325684
3.860306752619306
47.520209893190035
100.99827522663794
70.96774193548387
184.8315647736904
0.8796296296296297
0.6467687074829931
0.31800430301578314

AFF
59.10772692361416
102.79999332726
1.1875000124176343
4.5
3.864313216407137
62.972040140021264
118.49770729907632
79.06976744186046
236.1422623488288
0.8506944444444444
0.5639301175015461
0.28883972259559637

AFF
48.4481256129698
79.60000105202198
0.5288461653085855
2.200000047683716
3.407302099793938
51.855427712763706
131.83006275308847
78.67867867867868
234.34343168060423
0.9683098591549296
0.5133333333333333
0.29243064701494037

AFF
47.66987208703241
81.80000238716602
0.6356164282315397
4.5
3.563782056916226
51.23365414394864
156.70408415506603
80.33175355450237
275.6027725559987
0.9427710843373494
0.47952380952380946
0.25292966958396923

AFF
53.6566941808286
100.30000009834765
0.6469696847101053
4.5
3.557359504646397
57.21405368547502
130.75424917794464
81.4317673378076
263.9962470236323
0.9126506024096386
0.511317254174397
0.25523860003230286

AFF
49.27141157435686
82.71114271491194
1.0680000233650206
4.400000095367432
3.681274630997453
52.952686205354325
136.08531446723106
77.63578274760383
224.27422416982174
0.875
0.6481746031746033
0.2817377043218921

AFF
52.765785180391234
89.3999994277954
1.2765625324100256
4.400000095367432
3.717702160746683
56.483487341137916
125.4960329333566
77.99352750809061
233.41802447928936
0.9154411764705882
0.55
0.35713540210703043

AFF
55.59494317653347
105.48682540850568
0.8072289242801896
4.300000190734863
3.6630606325310504
59.258003809064505
135.84102038374903
81.64948453608247
309.07051374459814
0.949438202247191
0.523922558922559
0.2959479110657749

AFF
56.53420301155584
107.4877472837072
0.7500000123319954
4.699999809265137
3.551182265243337
60.08538527679921
118.31935527640347
80.2919708029197
251.4661947005565
0.8858024691358025
0.5708730158730159
0.19330486077310596

AFF
50.61912052500341
104.49999990463255
0.6285714470610326
4.400000095367432
3.4510248051743284
54.07014533017773
104.73815453043552
77.32919254658384
225.2300371937668
0.8938356164383562
0.5241269841269841
0.28780956056184026

AFF
47.30040824363055
79.19572776558077
0.9211538617427533
4.400000095367432
3.4885830555991593
50.788991299229714
117.0945118455134
73.33333333333333
190.17528872528112
0.8515625
0.5223809523809524
0.3227330197672252

AFF
37.578189965801
77.78410216437453
0.9115384679574233
3.5999999046325684
3.533825219964876
41.11201518576587
94.18311179341714
66.8918918918919
147.2655755844504
0.8622448979591837
0.7244444444444444
0.3429256409590942

AFF
42.272733214013904
68.2274488277057
0.8254902152454152
3.5999999046325684
3.5057579099940885
45.77849112400801
150.34660527268187
76.8166089965398
213.67937811335352
0.914179104477612
0.5549319727891155
0.3104993037766795

AFF
45.565504992575576
75.21846723303594
1.0581395542898844
4.400000095367432
3.695593652127589
49.261098644703175
134.59910225395572
78.49829351535837
205.251100898101
0.8809523809523809
0.5931024531024531
0.21491554191614934

AFF
46.44101413369207
78.81652398302151
0.8779411947025972
3.5999999046325684
3.507833251425495
49.94884738511759
139.07733765911584
78.50746268656717
228.19372093716467
0.90625
0.5022582972582972
0.29634459978815914

AFF
51.10201359547386
91.33463034710942
0.8800000169060447
4.5
3.6611454019449763
54.76315899741885
135.3229198043948
78.59078590785907
261.4041968533494
0.8987341772151899
0.5566666666666666
0.26456512832335105

AFF
61.075306513890766
115.98995775016826
1.030645169798405
5.699999809265137
3.7811707307325864
64.85647724462333
110.94561638586521
81.23456790123457
268.42318185522345
0.9342105263157895
0.523809523809524
0.3105409195555739

AFF
46.896235866548516
83.84776019765812
1.088095261937096
4.400000095367432
3.7396178909272493
50.63585375747581
121.24401656759467
74.70355731225297
202.73877389485708
0.8515625
0.6455555555555555
0.34376311575776425

AFF
53.79277703313351
89.54338916122865
1.0279069958731186
4.5
3.7914201323100327
57.584197165443534
166.4615582978312
80.78602620087337
306.7056135746379
0.9204545454545454
0.5262169312169311
0.3489472641775022

AFF
41.947654002693874
82.00000019073485
0.695652179096056
3.5999999046325684
3.4839151580015946
45.43156916069547
118.6442419739086
74.71264367816092
204.56003100001703
0.8977272727272727
0.6025396825396825
0.29076551771349957

AFF
54.23978585325726
92.09966779672342
1.2797468538525738
4.5
3.9089956732213906
58.14878152647864
159.8275348523997
80.22988505747126
308.7455755240854
0.9186046511627907
0.5396031746031745
0.413881790268909

AFF
51.922989120234575
86.56920915695034
0.8326086842495463
4.5
3.6094732364283963
55.53246235666297
123.37205648719355
80.35190615835776
221.43761899283777
0.9291044776119403
0.6174603174603175
0.1785349687637979

AFF
49.61112821101454
87.92867127774538
1.0315068731569264
4.5
3.7250440347193416
53.336172245733906
144.84387362202017
79.32816537467701
270.2326490749342
0.909375
0.602893772893773
0.34268796255435385

AFF
50.77569221296406
92.78947417006569
1.1490566168191299
3.5999999046325684
3.728185558448753
54.503877771412824
121.71613604914384
76.49006622516556
228.36357420160058
0.8626760563380281
0.6325680272108843
0.2956213632586578

AFF
57.672657108397814
92.23918172990176
0.9822580814361572
3.5999999046325684
3.664004015307759
61.336661123705575
134.64685499370353
79.94858611825192
251.0163836503015
0.8782051282051282
0.5806878306878307
0.2706671049750376

ANF
33.51365529956799
57.714921329371734
2.3754386137190617
5.699999809265137
4.52946373558643
38.04311903515442
240.46930726795168
41.08527131782946
270.51582932687177
0.7861842105263158
1.0
0.290191521400014

ANF
32.68460797983792
56.99851053184234
2.340000043974982
4.699999809265137
4.34922086239844
37.03382884223637
221.3187146281057
28.723404255319153
243.25442439219353
0.832089552238806
1.0
0.29302358094313763

ANF
35.06697396853105
59.685400455177295
2.476388904162579
5.699999809265137
4.654740568322913
39.72171453685403
250.96892070884985
36.0655737704918
306.3999916016363
0.842948717948718
1.0
0.2633729540877134

ANF
39.66273374343631
63.97286156399232
2.3738095445469733
5.699999809265137
4.607112702710474
44.26984644614681
247.64120756444402
43.58974358974359
344.37008160335404
0.84375
0.9851851851851853
0.26402988617657736

ANF
37.63868609650195
81.50024255493506
2.299999999593605
5.699999809265137
4.389546159900238
42.028232256402184
184.27909040475845
41.35338345864661
277.05813538224226
0.8076923076923077
0.9888888888888889
0.28426464176777394

ANF
36.53193124536055
74.3926359241892
2.432142898041223
5.400000095367432
4.474073259614035
41.00600450497458
178.08618237526798
34.82142857142857
240.70063766352916
0.7465753424657534
0.9925925925925926
0.27363089661421836

ANF
32.34855386910047
56.649288277674266
2.346875000745058
5.699999809265137
4.526818658863494
36.87537252796399
252.96947598095753
36.0
294.49819010187525
0.809375
1.0
0.2743990891740465

ANF
39.16774856615612
72.40000066757203
2.6101123828733903
5.699999809265137
4.689702312971331
43.85745087912744
250.78178864202783
50.79365079365079
387.67616168600466
0.8844086021505376
0.9651515151515151
0.23998620969777157

ANF
30.103556960473895
50.20000152587891
2.2600000357627867
4.5
4.396349977120392
34.49990693759431
224.17147419317186
32.323232323232325
236.5475906975347
0.8059701492537313
1.0
0.34004374974683493

ANF
38.91920794547593
73.94026421229813
2.3852459172733496
5.699999809265137
4.422642769638284
43.34185071511424
180.34106142977288
45.11278195488722
258.657641188893
0.8047945205479452
1.0
0.26236768262348753

ANF
34.06476776091236
60.58873101741831
2.6568965418585417
5.699999809265137
4.526889441493881
38.59165720240626
232.08376360318877
33.91304347826087
266.71438320691595
0.7861842105263158
1.0
0.3555872100885849

ANF
34.10023721215523
65.25367404739586
2.3318182121623647
4.5
4.388635420000591
38.488872632155825
171.91888024781036
39.04761904761905
225.95146702105163
0.81640625
1.0
0.3142433140559396

ANF
35.3532437144316
54.2719891124764
2.3125000417232515
5.699999809265137
4.234999928064142
39.588243642495726
195.17781944725155
33.69565217391305
193.9934173909267
0.7581967213114754
1.0
0.30668826183998477

ANF
40.293200841062244
82.81061064385837
2.6022988692268556
5.699999809265137
4.6113408246892575
44.90454166575157
215.5482744203022
46.470588235294116
372.4329801887465
0.8928571428571429
0.96984126984127
0.24079924282817672

ANF
39.62732507742173
63.63257804240901
2.401538485747117
4.5
4.611803844235992
44.23912892165775
237.5837824302352
38.93129770992366
301.70023837516106
0.821875
0.9872727272727272
0.29262028855424077

ANF
33.05843283311579
55.14733356004404
2.162500023841858
4.5
4.217248266039649
37.27568109915542
190.27768338006177
33.68421052631579
212.2401596981078
0.8055555555555556
1.0
0.290515679645918

ANF
41.69949996493105
68.99623972160838
2.4548780680066202
5.699999809265137
4.539465602009345
46.2389655669404
200.6095918482141
41.86046511627907
276.8684579994366
0.81
0.9794871794871794
0.30999211831833967

ANF
36.06071316865056
71.61070177786253
2.3819277487605452
4.5
4.569938115510244
40.63065128416086
222.74601370178107
42.465753424657535
322.0358065002215
0.8452380952380952
1.0
0.36752193304107217

ANF
40.97052917091807
67.00000047683716
2.506779699002282
4.5
4.469578651986567
45.44010782290464
220.20997292647536
48.275862068965516
295.74207978547236
0.88
1.0
0.21000892428568468

ANF
36.5871065263092
64.52892403418673
2.3054545654491947
5.400000095367432
4.440385559008445
41.02749208531765
216.42501375805622
37.301587301587304
284.72255453920906
0.8132911392405063
1.0
0.31114997970855746

ANF
37.32851832803455
70.58926728776208
2.6122807306155824
4.699999809265137
4.6383121477711375
41.96683047580571
200.22640071342266
42.96875
278.14426054735054
0.8287671232876712
1.0
0.2465800084114198

ANF
32.905791866634594
56.192594901107725
2.4742424433881585
5.699999809265137
4.630251351885019
37.53604321851961
257.47968633500193
31.57894736842105
304.1004285629623
0.8365384615384616
1.0
0.3474728537831243

ANF
41.5671305690615
76.47245920136798
2.6212500423192977
5.699999809265137
4.775212989484482
46.34234355854597
232.34395550141772
54.21052631578947
365.97116259904755
0.8850574712643678
0.9806060606060606
0.3036043511964792

ANF
41.04411516770371
88.00714816171889
2.4458333584479988
5.699999809265137
4.673400265085332
45.717515432789014
216.4598638501353
45.714285714285715
401.49041678361544
0.9078947368421053
0.9762626262626262
0.2894379761979215

ANF
37.848195682146795
65.42827090502013
2.2863636638856297
5.699999809265137
4.463320035782448
42.311515717929254
217.31397897759518
42.33576642335766
294.57185751811573
0.8386075949367089
1.0
0.27171139027159835

ANF
35.46748154284777
61.50962516472631
2.435000030199687
5.699999809265137
4.571363876774312
40.03884541962212
213.13993227426116
39.83050847457627
251.19387825962926
0.7816901408450704
0.9925925925925926
0.4033648131049081

ANF
38.85157332353891
67.71377934309945
2.471428598676409
5.400000095367432
4.481249641145144
43.33282296468401
182.19566571729283
40.869565217391305
235.8330659274202
0.7830882352941176
1.0
0.3281444080895613

ANF
35.01617426048831
69.54736955868229
2.379310394155568
5.400000095367432
4.5934279733986125
39.609602233886946
182.8103288666218
33.33333333333333
270.2427868278012
0.8464285714285714
1.0
0.3605038225969229

ANF
38.92229493621534
71.50255747530254
2.3574712929026833
5.699999809265137
4.619530705285678
43.54182564150106
243.1772045862185
47.368421052631575
381.28032830649045
0.9194444444444444
0.975925925925926
0.13371561730253648

ANF
35.03187402999243
59.33055098805079
2.568055580059687
5.699999809265137
4.637731057262495
39.66960508725494
229.21224810501755
37.81512605042017
267.0404067571991
0.7972972972972973
1.0
0.30090031813240276

LBG
38.9730377989669
71.50000009536744
0.8539682815945338
5.400000095367432
3.6324817718923996
42.60551957085929
159.76625692915425
58.69565217391305
251.77157634444325
0.9078947368421053
0.5088095238095238
0.405060261073497

LBG
31.085178204572166
55.20323769895184
0.5594594607482085
4.699999809265137
3.361884844067365
34.447063048639535
148.06747335915256
46.36363636363636
169.05120579997453
0.8516949152542372
0.5955555555555556
0.32569285182698043

LBG
43.66703928784477
154.57888254400604
0.633898334988093
4.400000095367432
3.4878217372649565
47.15486102510971
85.11323690561852
69.66292134831461
245.4811754301012
0.8734567901234568
0.4657142857142858
0.20342088803884217

LBG













LBG
41.07538507819498
66.86651288903315
0.5824561537357799
5.699999809265137
3.456092859453355
44.531477937648354
168.6252132162132
64.18604651162791
249.46915017790838
0.935064935064935
0.5869408369408369
0.1963164642819868

LBG
39.35441005502792
67.42623877160511
0.9936170425820858
4.400000095367432
3.702337265549783
43.05674732057771
145.56675046079297
53.23741007194245
214.90205387068937
0.8923076923076924
0.5591836734693878
0.339768671098541

LBG













LBG
38.75888830496879
69.75431139608371
0.5901960882486081
3.5999999046325684
3.391418552943594
42.15030685791239
131.64695574183764
59.876543209876544
180.15021064632577
0.8269230769230769
0.5031216931216931
0.26195328483969404

LBG
33.800271457307886
67.99999866485597
0.8580000233650208
4.400000095367432
3.474544611955528
37.27481606926342
147.6018018158292
62.430939226519335
198.23185720601617
0.8345588235294118
0.49535147392290246
0.316215466626002

LBG
38.49379173671099
70.50000047683716
0.8360000252723694
3.3000001907348633
3.498791312721766
41.99258304943273
131.8192183519879
57.14285714285714
193.9892122205673
0.8484848484848485
0.5494444444444445
0.37708710032755166

LBG
44.80082313630254
85.79999380111694
0.634117646778331
4.399999618530273
3.498476285045679
48.299299421348245
163.55766628346854
69.05537459283387
323.94024707933954
0.9710526315789474
0.4437301587301587
0.38384684971765093

LBG
36.06640976851137
66.23652385644445
0.643478274345398
3.3000001907348633
3.45533301322655
39.52174278173788
163.99174465609246
60.10362694300518
248.10757420200406
0.935064935064935
0.49300144300144294
0.3352207290334831

LBG
43.43464932100367
66.74976282019756
0.6424657677950925
3.5999999046325684
3.553961477366255
46.98861079836991
173.81639651731538
67.37288135593221
247.6450337572016
0.8961038961038961
0.45450680272108845
0.36566860709684035

LBG
44.446691170692006
75.27121005775496
0.7204081866205955
4.400000095367432
3.5277386172547107
47.97442978794675
136.6299940469183
65.5
213.7918533770646
0.8768115942028986
0.5764550264550263
0.3607866664703694

LBG
37.53513595476032
65.65826678161517
0.7400000095367432
4.699999809265137
3.5639127667135173
41.099048721473864
177.1792825402398
62.62135922330098
244.84337504113552
0.8863636363636364
0.4916137566137566
0.2714398573678143

LBG
39.851369725803785
61.087909233237994
0.6551020631984789
3.4000000953674316
3.473656123552733
43.32502584935651
159.66892743277188
58.64197530864198
198.83887178513874
0.8619402985074627
0.5547619047619048
0.37412960976963183

LBG
36.06418215975022
78.61876364387993
0.8865671869534165
4.399999618530273
3.6842774828901224
39.74845964264034
145.81120610385378
60.0
252.84687847776502
0.9256756756756757
0.49666666666666665
0.46458431273781525

LBG













LBG
39.32170863182338
76.28097313284529
1.2311475589627126
4.5
3.736194058776193
43.05790269059956
125.600237308318
59.74025974025974
203.3990316441239
0.875
0.5885714285714286
0.2528518122831572

LBG
39.975849690741214
67.79423784107033
0.6974359124134748
4.400000095367432
3.4637749125111577
43.43962460325238
167.58750997143477
64.01869158878505
227.19343358547388
0.8474025974025974
0.49793650793650795
0.2973991025213537

LBG
45.30077157047162
76.80000095367431
0.8311475456738081
4.400000095367432
3.5847794055600586
48.885550976031666
155.78394299242171
70.9090909090909
260.2832449531004
0.9125
0.5165873015873016
0.32267912785629943

LBG
43.72962291922638
78.70991708724598
0.59137932185469
3.5999999046325684
3.4412665185455316
47.17088943777188
144.92078266982125
65.48672566371681
241.43378844655146
0.8910256410256411
0.5012698412698413
0.3487975700855175

LBG
40.950332629408024
80.71216720851655
0.5438356334215975
3.4000000953674316
3.478102815899285
44.42843544530731
158.26264719722613
58.57142857142858
269.32686297077316
0.896551724137931
0.5197787397787398
0.3882108011596224

LBG
31.22517094044725
52.18489519796941
0.4857142936615717
3.5999999046325684
3.31474441493326
34.53991535538051
175.3371738913434
55.70469798657718
195.40662486701603
0.8977272727272727
0.4903968253968254
0.29866711566086407

LBG
41.90863323969267
65.98057645854408
1.0985075039650076
3.3000001907348633
3.639997985694359
45.548631225387005
160.03905105644105
58.82352941176471
215.6874769697484
0.8357142857142857
0.52
0.30879899918865483

LBG
37.39444747448951
66.66418082848674
0.45128207023327166
3.3000001907348633
3.3298205996825834
40.72426807417209
131.7045154967858
56.33802816901409
180.21389414341667
0.8669354838709677
0.5676190476190477
0.3754983331953248

LBG
39.53487586889386
75.70000038146972
0.6932203587839159
5.400000095367432
3.548870920707762
43.083746789601626
146.71524785800685
63.10679611650486
240.5353169390771
0.9013157894736842
0.44690476190476186
0.43395717841514186

LBG
41.1371907993307
81.4302401158854
0.9409638786890421
4.5
3.699237287534605
44.83642808686531
166.12060626104676
59.13461538461539
271.94384268242993
0.8764705882352941
0.5027513227513227
0.30941214085345115

LBG
43.943388244171786
82.38020959660182
1.1794872008837187
4.400000095367432
3.709205862655268
47.652594106827046
156.35115282308786
65.97510373443983
274.9651471479603
0.899390243902439
0.526058201058201
0.31367732501039125

LBG













LFF
24.996062666182812
50.10010120150348
0.19672131147540983
3.1999998092651367
3.1725237136235798
28.168586379806385
213.7658845598849
25.892857142857146
201.65474122315203
0.7680722891566265
0.3046031746031746
0.2168454780316812

LFF













LFF
20.809995797782005
43.80905664397575
0.1650000035762787
1.100000023841858
3.1319999999999992
23.941995797782013
251.21790583450698
20.792079207920793
205.24499999999998
0.81875
0.3116213151927437
0.2620413836640081

LFF
24.426055606945503
45.324625086228004
0.2519230796740605
2.0999999046325684
3.1359497048553684
27.562005311800874
191.86643206817385
20.481927710843372
157.0915504674418
0.7575757575757576
0.3537037037037037
0.19505088756606528

LFF













LFF
23.461326036612714
37.79464871189444
0.19111110584603416
2.0999999046325684
3.1268290307373965
26.58815506735009
220.86598031076014
20.51282051282051
149.49589990571857
0.7701612903225806
0.369047619047619
0.21066303514126733

LFF
22.89643106072656
36.2721269753353
0.3683333377043406
2.5
3.2756156762986732
26.172046737025248
298.07148549198894
30.0
205.13976860059012
0.8116883116883117
0.3673809523809523
0.2758393411735449

LFF
22.53172888409003
39.74274449654818
0.05238095351627895
1.100000023841858
3.039853291038675
25.571582175128693
233.61338724193956
14.285714285714285
145.39015860427625
0.7234848484848485
0.30537037037037035
0.21722656097415066

LFF
20.346994735637406
39.9368000410901
0.026829268874191656
1.100000023841858
3.020057095738787
23.367051831376187
217.1231985319103
11.428571428571429
139.49913870591746
0.7459677419354839
0.2984126984126984
0.1648842071791936

LFF
21.805034967005092
37.871504641123714
0.2086206941769041
1.100000023841858
3.136692068071467
24.94172703507656
263.93359548116644
15.909090909090908
187.3378218200355
0.8074324324324325
0.28843537414965986
0.24504551205343314

LFF













LFF
24.824081753017246
42.870325210231826
0.061818183145739815
1.100000023841858
3.055680929951551
27.87976268296879
234.0879593271227
16.666666666666664
183.88106974636634
0.8033333333333333
0.32849206349206356
0.26198226075818604

LFF
24.255175132294283
43.38023402358655
0.11956521998281064
1.100000023841858
3.091384615384615
27.3465597476789
203.21505710969652
13.333333333333334
142.875
0.7115384615384616
0.40925925925925927
0.2381485438752063

LFF
22.61003154139859
50.55085467683465
0.0978260890621206
2.200000047683716
3.074253138893678
25.684284680292258
167.93099864269024
18.75
147.18535966963435
0.7384615384615385
0.3
0.18481829987280005

LFF
23.445941254303442
50.37512209497978
0.19215686414756028
2.200000047683716
3.1508894613884997
26.596830715691933
180.79058847488471
25.274725274725274
154.65461760209837
0.7205882352941176
0.3411111111111111
0.22850890079871986

LFF













LFF
20.036568346187963
39.01887085709902
0.14189189138847427
3.1999998092651367
3.133065026418987
23.16963337260694
285.3500536739314
23.0
186.1218535123246
0.7694805194805194
0.3220634920634921
0.19860246242262636

LFF
23.432281373906267
42.69685274764985
0.16515151659647623
2.200000047683716
3.1283889797375375
26.5606703536438
245.4624671781446
29.565217391304348
205.65487683968516
0.8148148148148148
0.2715079365079365
0.27987782049816057

LFF
23.687043206955316
45.4313311044182
0.02448979643534641
1.100000023841858
3.0215106235710834
26.708553830526398
190.27634672768102
17.94871794871795
147.25254913129845
0.76171875
0.3763492063492064
0.19506050793814786

LFF
23.552475821945666
47.32435908816488
0.21125000454485415
2.200000047683716
3.158233972913779
26.710709794859426
260.1196537877272
30.46875
236.5778235178008
0.8426966292134831
0.2748725348725349
0.26053425258388024

LFF
29.189896129701378
162.22935065324725
0.17254902334774241
2.200000047683716
3.150201355869399
32.34009748557078
66.66289842917217
36.36363636363637
172.54307788896764
0.7785714285714286
0.3442424242424243
0.19991182262913437

LFF
21.225313976277782
36.28566240461327
0.18260869956102924
2.200000047683716
3.1461526610702335
24.37146663734801
298.00690841864514
26.851851851851855
196.57605984307875
0.7943037974683544
0.31920634920634927
0.15552077463267835

LFF
25.80595045996135
48.925111157567976
0.29701493180065014
2.200000047683716
3.1981476250658787
29.004098085027238
226.42257139187325
31.35593220338983
204.66555045602843
0.7870370370370371
0.34888888888888886
0.18115170079693768

LFF
21.303066440342352
40.132104858883444
0.032500000670552254
1.100000023841858
3.023135324436194
24.326201764778542
212.89065069439695
6.153846153846154
125.88927073302015
0.680327868852459
0.3223809523809524
0.14895883533342444

LFF













LFF
22.923840499738624
46.18646008097248
0.39811319225239306
2.0999999046325684
3.186940420567978
26.11078092030661
194.7599764516045
17.28395061728395
149.80147331605733
0.6977611940298507
0.3284704184704184
0.2030150763631225

LFF
22.930003569555993
40.60465926678609
0.1862068957295911
2.0999999046325684
3.1231016487783636
26.05310521833437
174.05034368657994
13.333333333333334
105.14646921364933
0.6442307692307693
0.4166666666666667
0.13960060547720626

LFF
30.164507964330003
139.20411650364488
0.32500000670552254
3.3000001907348633
3.1902777777777773
33.35478574210778
80.65075843131036
52.0
170.53999999999996
0.7395833333333334
0.28730158730158734
0.22743694721278956

LFF
24.945099910318596
38.57086178085843
0.3915254322148986
2.200000047683716
3.195743865809054
28.140843776127667
273.92351183168574
35.08771929824561
171.21321824803425
0.722972972972973
0.283015873015873
0.15143971307191956

LFF
20.86014720107734
42.733578128461964
0.4000000086599502
2.200000047683716
3.206834583075319
24.066981784152656
262.9649324167356
29.20353982300885
208.02149692624602
0.809375
0.324973544973545
0.2681679672506747

RAN
32.12845155843414
71.35333268745697
2.4500000184822466
5.699999809265137
4.649104479873445
36.77755603830761
203.13736007727093
33.33333333333333
292.89426873161756
0.8012820512820513
0.8263492063492064
0.29529234345610017

RAN
35.75652126825923
64.91764139892682
2.472058899262372
5.400000095367432
4.69147870337746
40.4479999716367
222.71470194894175
41.221374045801525
308.7044934107917
0.8376623376623377
0.8723448773448773
0.3111040398380404

RAN
35.9517193094767
104.30000100433823
2.342222279475795
5.400000095367432
4.422507636948115
40.37422694642481
127.14285599555768
38.46153846153847
206.7073839392401
0.73046875
0.8696296296296298
0.23618389723843988

RAN













RAN













RAN













RAN













RAN













RAN
37.441158827075014
68.4117969770204
2.078688562160633
5.400000095367432
4.416767024162565
41.857925851237574
195.8083279152122
29.807692307692307
244.40839410513132
0.7568493150684932
0.8314814814814817
0.2624818788050104

RAN
31.104489484858846
54.505487114209565
1.948000032901764
5.400000095367432
4.186848340055389
35.291337824914265
228.8883753015554
25.0
215.14781952182892
0.7083333333333334
0.8553968253968254
0.19493335355133729

RAN













RAN













RAN













RAN
34.97448903679027
65.18682947342123
2.374418665676616
4.5
4.406783636176066
39.38127267296632
169.82032018105213
28.915662650602407
178.54746788402494
0.6779661016949152
0.8396825396825397
0.26098127101109514

RAN













RAN













RAN













RAN
34.02864379613516
64.2149920395616
2.1442623459657684
4.400000095367432
4.379977581607589
38.40862137774274
229.52094138744295
28.947368421052634
276.1487979358669
0.7716049382716049
0.9070586820586821
0.3132073442232631

RAN













RAN













RAN
39.11550890779048
76.53336558156363
2.2183908547820717
5.699999809265137
4.5264473924159825
43.6419563002065
234.38187166047737
41.875
334.7610004422745
0.7903225806451613
0.799047619047619
0.16962932197723082

RAN
38.253139696915504
111.79999915957448
2.4746269058825363
4.699999809265137
4.620786192810584
42.873925889726074
152.60726166420193
40.298507462686565
307.79263407826954
0.828125
0.8944444444444444
0.2903090883345071

RAN













RAN
37.801660985271916
135.9728993027838
2.2627451275201405
5.400000095367432
4.383884857517916
42.18554584278986
113.34071373266642
41.86046511627907
251.59380785717514
0.7533333333333333
0.8387301587301587
0.20462624261552478

RAN













RAN













RAN













RAN













RAN













RAN













TBF
31.27417029595148
56.47758834052074
1.0524590348855394
3.3000001907348633
3.660993954381373
34.93516425033285
210.2310551046198
22.772277227722775
203.24284564734174
0.7083333333333334
0.7741798941798943
0.4269223597061732

TBF
25.652977333421333
50.10699800423775
1.1068181976337323
3.1999998092651367
3.658205343439124
29.311182676860458
195.23454031097762
21.176470588235293
167.0050624284463
0.6828358208955224
0.8277777777777778
0.33680147579034

TBF
30.47380147560425
49.02979261899827
1.051219531493943
2.0999999046325684
3.51418127733285
33.987982752937114
182.47751406013387
0.0
126.49721115705232
0.55859375
0.8398412698412699
0.2920717542068667

TBF
28.108272892363015
47.02087231643281
0.9800000202324656
2.5
3.676416654628914
31.784689546991963
263.95537073073217
40.87591240875913
221.29392633623576
0.7376543209876543
0.7663107263107263
0.3455949134295954

TBF
28.839625248017583
58.44396658467744
1.0512500209733844
2.200000047683716
3.651277459080102
32.49090270709771
198.94355349206927
26.47058823529412
203.7607062021837
0.74
0.782991452991453
0.31386193431871773

TBF
26.03237794120158
54.526635599214984
0.9534482937948457
2.200000047683716
3.610595387518059
29.64297332871963
199.63683849301336
13.953488372093023
171.87846488461443
0.6486486486486487
0.8237566137566138
0.3264491642551573

TBF
31.916033588000598
60.4543148202429
1.0533980780000824
3.1999998092651367
3.694869689373953
35.61090327737459
225.68208318430797
46.42857142857143
259.33148627627054
0.7777777777777778
0.7505291005291006
0.43535377812543474

TBF
25.881539262538848
46.599998855590826
0.9982758806697254
2.5
3.5866680823001436
29.468207344838994
229.30858906500575
16.666666666666664
185.76220942991515
0.69
0.7476455026455027
0.3019689270986154

TBF
22.04917700975162
41.44498761360352
1.1000000179434817
2.0999999046325684
3.5159200116158815
25.565097021367507
152.23824364152128
0.0
68.74314445991284
0.45348837209302323
0.8255555555555555
0.16484752956619864

TBF
25.18240569459582
47.13775152713598
0.8275862214123381
2.5
3.572533179829314
28.75493887442513
218.16994213779842
18.39080459770115
147.96087958754038
0.5809859154929577
0.6850793650793653
0.24827058307823707

TBF
32.653076108465136
55.05911724625406
1.0707692547486378
2.5
3.628113888315693
36.28118999678082
226.93849817813467
17.525773195876287
220.64647147858983
0.753125
0.802063492063492
0.3668014161074354

TBF
29.314231080529343
56.50000038146973
0.8970149397405226
3.1999998092651367
3.666497439748343
32.98072852027771
189.4149216434127
31.775700934579437
186.2383646176651
0.6883561643835616
0.7260317460317459
0.3118991482517648

TBF
28.669577108011783
51.029465544655714
0.8924242602379033
2.200000047683716
3.6044955939156496
32.274072701927416
223.71046574429252
39.69465648854962
208.13333097584527
0.7310126582278481
0.7834126984126983
0.32855864888309183

TBF
27.770690679926872
50.443222145674454
1.0534482969549195
2.200000047683716
3.5923427558869445
31.363033435813815
231.38430592796638
11.363636363636363
192.4649070444489
0.6858974358974359
0.7963227513227513
0.4211464254934002

TBF
25.074228409906485
44.77589141353565
0.950793666025949
3.1999998092651367
3.5946572148970586
28.668885624803533
215.18093194140343
26.881720430107524
153.44601555119831
0.6286764705882353
0.8141005291005292
0.2885153499774387

TBF
25.87054272143603
44.76495829577457
0.9351852051913738
2.200000047683716
3.576387011236065
29.4469297326721
214.9199404064696
28.888888888888886
140.2410249002619
0.61328125
0.7928571428571427
0.2901081351210137

TBF
29.026875333405744
59.41481979836781
0.8602564271826011
2.5
3.5994978183201263
32.62637315172588
216.49596834435616
34.84848484848485
212.62315564325343
0.686046511627907
0.738015873015873
0.28742133563727573

TBF
28.105690505434122
47.38516522091169
0.9078125187661499
2.0999999046325684
3.592027131653383
31.697717637087536
224.6475623869587
11.76470588235294
194.31382691384246
0.72
0.7915873015873018
0.3732092733123699

TBF
25.914155435617495
49.11247158650582
1.0307692469885716
2.5
3.576114110511084
29.49026954612858
230.8424172043144
10.843373493975903
162.6219717302879
0.6182432432432432
0.7685449735449735
0.29318569537918854

TBF
34.48804731330998
60.03438751097103
1.033802839127225
2.200000047683716
3.6927423922132085
38.18078970552325
222.06396737677548
34.10852713178294
226.95027784657805
0.7205882352941176
0.8202597402597401
0.38892096575964125

TBF
24.73333630603819
45.04307936469156
1.093877568688928
2.5
3.6040716877564507
28.33740799379465
244.9219407828585
6.329113924050633
162.19293854495533
0.6081081081081081
0.7842857142857143
0.32671547437157944

TBF
41.292071589755516
70.93887830128043
1.211607166965093
3.3000001907348633
3.755746108870472
45.04781769862598
219.35191652243049
61.224489795918366
292.5302810935215
0.8157894736842105
0.7819023569023569
0.43323429193667573

TBF
26.569719209872307
46.98327064785479
1.0460317665858874
2.299999952316284
3.5882110517320607
30.157930261604406
253.53314276881406
17.02127659574468
201.97873815722988
0.717948717948718
0.8075925925925926
0.2782349310183435

TBF
31.200862319675714
66.89999923706056
1.070000017186006
2.299999952316284
3.7179048998506974
34.91876721952639
172.8428265208299
26.21359223300971
203.3718630135905
0.7203947368421053
0.8130952380952381
0.3277328265776522

TBF
26.40214942801212
47.76544034376214
0.9500000209414533
1.2000000476837158
3.5370115908911615
29.93916101890327
215.92820726671016
12.048192771084338
150.32919933017158
0.5821917808219178
0.7053968253968254
0.35892573746740186

TBF
30.771247144836106
50.64892760379507
1.0138461727362413
2.5
3.5750650210043706
34.34631216584047
258.11028175225505
11.458333333333332
186.26610500436854
0.6147058823529412
0.7429268879268879
0.36114769119353884

TBF
24.42504619838636
40.34117639532004
0.9795918583261723
1.2000000476837158
3.5276845383003566
27.952730736686746
289.0012929454781
11.627906976744185
184.26234112057432
0.6842105263157895
0.783809523809524
0.3296525456649945

TBF
26.34321448157801
45.80284122361849
1.022641529873857
2.5
3.6191196953546108
29.962334176932643
241.09224000441705
19.35483870967742
198.45743009551794
0.73
0.766984126984127
0.2900682440032772

TBF
23.514680765346
45.247368977414915
1.0187500179745257
2.5
3.5787871551576242
27.09346792050364
203.28973891891977
9.722222222222223
144.9913500921863
0.6153846153846154
0.8087301587301586
0.2559221008966695

TBF
30.56723686739974
57.53523140561581
1.107142877046551
2.5
3.6932308855102627
34.26046775291001
231.38432800398908
36.76470588235294
231.31910036931225
0.7296511627906976
0.8289153439153439
0.4092473861300816

