AFF
54.303502727385286
91.5000014334917
1.392592630268615
4.400000095367432
3.839742127985963
58.143244855371236
146.7700316504547
82.68398268398268
258.6963413002031
0.84375
0.5596296296296296
0.2622910726127918

AFF
62.07988849037063
107.79999971687792
1.1206349210133628
4.5
3.8872555627902097
65.96714405316084
124.28191960141919
83.65180467091295
260.00028284497455
0.8685064935064936
0.6109523809523808
0.24367572996262093

AFF
61.83188678423594
107.90000009834765
1.3819672569143968
4.300000190734863
3.942777987572094
65.77466477180802
129.00719649735785
83.19327731092437
268.19875802333354
0.85546875
0.616031746031746
0.26461920317980675

AFF













AFF
56.19099562448951
107.32323596580534
1.0596491370284766
4.5
3.7826381370100104
59.973633761499514
113.58027039208052
81.90709046454768
240.05339591835485
0.8614864864864865
0.6338888888888888
0.25883909229602386

AFF
46.77349145452845
81.80000238716602
0.9428571547780719
4.399999618530273
3.647959873326663
50.42145132785512
119.7945320274366
80.0
195.10529851754083
0.8618951612903226
0.6885714285714286
0.2700161295057346

AFF













AFF
54.51266635568448
92.04579644303799
1.0055555855786358
4.5
3.6741112829271336
58.18677763861163
121.54708993231289
82.07070707070707
226.3587699080767
0.8714788732394366
0.6508730158730158
0.25392156617587053

AFF
65.71487839617615
129.90000028610226
1.5112359763196346
4.399999618530273
3.931240159794861
69.646118555971
110.17418259823658
82.88659793814433
294.44962451494274
0.8998493975903614
0.5336507936507935
0.19295215445952013

AFF
56.67931788178444
103.5941611228667
0.9731707514786139
4.400000095367432
3.6119803020069083
60.29129818379134
97.56639926593846
79.15309446254072
199.2015008538279
0.859375
0.7182539682539681
0.35863505455383127

AFF













AFF
60.817058617965834
99.26257010189966
1.4000000248492603
4.699999809265137
3.9435656698260417
64.7606242877919
137.71513622147896
82.4945295404814
272.85539607275365
0.859375
0.601984126984127
0.3239773176240641

AFF
60.57535044345699
129.90000028610226
1.5962264222918816
5.699999809265137
4.139846368915167
64.7151968123722
99.25040473894659
82.7250608272506
248.95227351182083
0.858274647887324
0.630899470899471
0.21425828429239555

AFF
60.53270279418914
115.93403791503421
1.521875012665987
5.699999809265137
3.9993588800752757
64.53206167426444
115.57857366714964
83.89121338912135
260.55715772743645
0.8522727272727273
0.6734126984126985
0.25822292974821454

AFF
56.900473379685224
120.11372647748483
0.9500000178813934
4.5
3.6663992516075194
60.56687263129274
96.0893819959555
81.10236220472441
227.30069948350769
0.8637152777777778
0.6042857142857143
0.13015833277299962

AFF
64.21287938760096
123.60000047683712
1.3927536287169526
4.5
3.97538835625378
68.18826774385477
117.69143914105649
84.35754189944134
290.5096490123977
0.8668154761904762
0.6222222222222221
0.21150228344760894

AFF
58.36314524493828
112.01430390325139
1.149180314579948
4.399999618530273
3.705617255095616
62.0687625000339
104.62106334475618
82.23844282238443
241.55641363267347
0.8904109589041096
0.537962962962963
0.23540938040930992

AFF
50.29318085968914
86.6282660767764
0.9413043623385222
4.399999618530273
3.6642815759330154
53.95746243562215
126.71821945346728
81.08108108108108
222.58302907708787
0.875
0.6336507936507936
0.2663069645899614

AFF
51.62615943595228
90.31118082586772
1.255813950716063
4.399999618530273
3.7987112394846867
55.42487067543695
124.62085714082626
80.05780346820809
218.90091422022604
0.8333333333333334
0.644074074074074
0.30117373250157886

AFF
57.20924684561721
119.35050926104401
1.308823559214087
4.5
3.796744435362147
61.00599128097935
103.69207091684811
82.22222222222221
237.16865684310164
0.8723958333333334
0.6346825396825397
0.29396627685110405

AFF













AFF
59.511348317136175
113.72852574047654
1.4835821212227664
5.400000095367432
4.04108310471308
63.552431421849235
125.62493496769184
82.23684210526315
284.00724826414967
0.8641975308641975
0.6023809523809525
0.33970258241798873

AFF
70.12135747347882
112.988393366031
1.3732142916747503
4.5
3.969983103258797
74.09134057673757
120.56101509820157
86.01769911504424
265.51183624770186
0.8504746835443038
0.6383189033189033
0.31146202244267474

AFF
53.75188678720971
95.49650994788733
1.1803278938912956
3.5999999046325684
3.7215230270343276
57.47340981424403
122.71454447572583
81.63265306122449
228.92155432481718
0.8506944444444444
0.6003174603174604
0.3238684532720733

AFF
58.52885262520806
117.0860894612494
1.140000009536743
4.5
3.7674254386163364
62.29627806382439
90.37062748435626
81.5340909090909
219.90599847293842
0.9038461538461539
0.67
0.13092952402846544

AFF
51.69274637582579
94.69999303817748
1.0571428764434088
4.399999618530273
3.748739813250357
55.44148618907613
104.51115013829833
80.37974683544303
197.23187492868237
0.8518145161290323
0.7153968253968254
0.2428870537385581

AFF
52.97130369276088
104.940423588655
1.5793103329066573
5.699999809265137
3.865215959056629
56.836519651817525
116.41250422951045
81.00263852242745
235.47803446375312
0.8506944444444444
0.6161904761904762
0.25415064073853044

AFF













AFF
61.4093593221086
105.17891797995897
1.0288461676010718
4.300000190734863
3.7594959801766
65.16885530228518
111.26002999051376
82.13399503722084
237.1417215494465
0.8767361111111112
0.6505102040816325
0.21814550126437945

AFF













ANF
40.30767668167618
88.10000143051147
2.24727276021784
5.699999809265137
4.437076735034761
44.744753416710935
157.8293927124517
51.369863013698634
270.10150474385784
0.8538732394366197
0.9726190476190476
0.23647038062282866

ANF
34.974270525390196
59.70000019073487
2.306666683157285
5.699999809265137
4.3570132022709105
39.33128372766111
187.62198115872934
44.166666666666664
235.15463500046906
0.8069029850746269
1.0
0.1775332024894732

ANF
38.18509592017056
66.42316597627536
2.5044776390292753
5.699999809265137
4.538011010756151
42.72310693092673
209.58948463156415
49.6551724137931
272.66274596622304
0.8261986301369864
1.0
0.14669357336287497

ANF













ANF













ANF













ANF













ANF
42.36659559759171
123.69780462495723
2.371875036158599
5.699999809265137
4.5122475297563325
46.878843127348034
129.53545814010678
59.45945945945946
280.8587038736832
0.8291666666666667
0.9539682539682541
0.28850218168807196

ANF
45.38537358405053
87.80648791209042
2.4269841561714807
5.400000095367432
4.573199755499557
49.958573339550085
175.77698686650717
60.62176165803109
302.68178433509087
0.8675986842105263
0.9622222222222222
0.24127804255035665

ANF













ANF













ANF













ANF
41.98111896747195
72.40000210106373
2.511538475751877
5.699999809265137
4.4658625080324255
46.446981475504366
172.97203185318622
58.38509316770186
258.6557387857868
0.8675373134328358
1.0
0.1741818327380201

ANF
44.219406606689056
135.80000410377977
2.1555555737207808
4.699999809265137
4.423200898638749
48.642607505327824
118.56090674849231
59.798994974874375
310.6650671892899
0.87109375
0.9538095238095238
0.2215309640060747

ANF
35.11715553144835
60.63336859530449
2.667857161190893
5.699999809265137
4.5605931848052865
39.67774871625362
206.86979202683185
44.71544715447154
256.69969476790675
0.8318014705882353
1.0
0.24656111810190423

ANF
39.826672342296725
87.19999961853027
2.7848484949632124
5.699999809265137
4.6609229264275704
44.48759526872429
174.9610152714993
51.57232704402516
290.2152979425074
0.8198051948051948
0.9935064935064934
0.2055108318801928

ANF
34.53902846326726
58.11379987643799
2.1131579179904962
5.699999809265137
4.213181025262083
38.75220948852939
176.27780932977558
43.51851851851852
206.41143753957186
0.8145491803278688
1.0
0.23303234270644504

ANF
49.81545369804257
80.7301861139223
2.2290909372947434
4.5
4.368654064275821
54.18410776231839
174.92663613247
61.6580310880829
265.7719647389845
0.8234797297297297
0.9685185185185186
0.29968056410443056

ANF













ANF













ANF













ANF













ANF
41.79056754152576
78.64084345837868
2.370175459536544
4.699999809265137
4.472756043307351
46.26332358483311
189.4590035993712
55.02958579881657
289.312048218634
0.8552631578947368
0.9866666666666667
0.29673320075600784

ANF













ANF
51.78221570952206
108.56873710083917
2.452083373131851
5.699999809265137
4.378994059500653
56.16120976902271
138.8194985045846
69.10569105691057
301.7168683213032
0.9004934210526315
0.9654761904761905
0.2028285117917917

ANF
33.11905114796915
60.6228973738677
2.519444468948576
4.399999618530273
4.447442453127924
37.56649360109707
169.9505436610768
41.83673469387755
213.14705288144455
0.8497807017543859
1.0
0.20088352323267403

ANF













ANF
36.95621225728906
65.80167577205756
2.4957447052001953
5.699999809265137
4.4908203636942465
41.447032620983286
181.64428217375527
47.540983606557376
236.5657818782476
0.8251953125
1.0
0.218704857705555

ANF













ANF
40.9722895640426
81.81118321196398
2.473913062687801
5.699999809265137
4.495325755586949
45.46761531962958
161.06217970490283
56.209150326797385
253.1416631786718
0.8348880597014925
0.9866666666666667
0.18688027289860726

LBG
43.45008734686558
84.39999856948852
0.7568965615897343
4.300000190734863
3.5780899526068772
47.02817729947244
155.63856142696224
68.40148698884758
271.82056232506727
0.8933823529411765
0.5412698412698412
0.2830447361665276

LBG













LBG
47.04583111717736
87.42989896042555
0.9653846296266868
4.300000190734863
3.5767976116154645
50.62262872879283
126.47498551637631
70.8
225.56208654493338
0.8647260273972602
0.5466666666666666
0.24771151784920184

LBG
46.94934935362167
83.77980549990862
0.6322034092272742
4.300000190734863
3.484122803521667
50.43347215714335
132.12316114092602
73.04964539007092
231.5969037847064
0.8717105263157895
0.5038359788359789
0.31701469650944586

LBG
51.39618695280164
87.40015076870863
1.43676473956336
5.699999809265137
3.978124955473338
55.37431190827496
150.11439674130094
72.66435986159169
266.38513447727547
0.8425632911392406
0.6206878306878306
0.26180028477893097

LBG
43.62063055689134
82.39999504089354
0.8816666841506958
4.400000095367432
3.675144540073155
47.295775096964526
149.74938118862912
68.16326530612244
238.11283215775018
0.8373397435897436
0.5364021164021164
0.29198747633880023

LBG
44.54178571105564
94.09698955869135
0.7242424415819573
4.300000190734863
3.594864773661572
48.136650484717244
124.58401718952146
67.9324894514768
229.96615331609163
0.8470394736842105
0.5138888888888888
0.369055651611251

LBG













LBG
43.048995740839366
68.95387375771396
1.0150000035762787
4.5
3.643303268623783
46.692299009463134
135.40549807717355
66.3157894736842
193.42319578960146
0.8203125
0.6412698412698412
0.1695254949573548

LBG
46.66370754512908
77.09999389648438
1.1539473972822492
3.5999999046325684
3.7587643058977878
50.42247185102688
162.78966386713063
67.91666666666667
250.3881970779662
0.864448051948052
0.5541798941798942
0.34898264623247816

LBG
47.518158059063985
72.78370072185997
0.9812500178813934
4.399999618530273
3.7677176361622235
51.285875695226196
148.29879129772542
69.08212560386472
203.00055816973364
0.83984375
0.5595238095238095
0.2672543053101729

LBG
44.84184147615151
86.68852305288895
1.1142857453179738
4.5
3.614884161555532
48.45672563770703
138.4086685611302
68.77637130801688
242.6947924674486
0.9121621621621622
0.5693915343915344
0.27653294340342166

LBG
44.187651222233285
78.37706955641411
0.8607142691367439
4.5
3.5708092423929836
47.75846046462626
132.0620251868916
72.06477732793523
219.13672286729613
0.8922101449275363
0.5486772486772488
0.261460231082438

LBG













LBG













LBG
46.45989177190739
85.29999990463257
0.9246153794802152
4.400000095367432
3.6937531142579725
50.15364488616535
147.63157881014382
75.95307917888563
261.58852065858173
0.8612804878048781
0.48920634920634914
0.28752954921229695

LBG
42.26768511819653
78.17589205289539
0.9238806091137787
3.4000000953674316
3.643426519194686
45.911111637391244
153.58951794160964
67.38197424892704
238.12678645132135
0.8634868421052632
0.48857142857142855
0.41739251890403445

LBG
46.156293478927445
79.79999942779541
1.2402299204091916
4.699999809265137
3.905312040171819
50.061605519099274
171.4453964957239
71.62629757785467
284.5833630882087
0.8841463414634146
0.5755122655122656
0.3661732404029906

LBG













LBG
44.00084976367005
79.35136969427121
0.9075000405311584
3.3000001907348633
3.5201820938906585
47.5210318575607
105.70794450763304
63.46153846153846
166.90872528604854
0.8388157894736842
0.6142857142857142
0.39968225901054066

LBG
47.75463840888568
100.75591794554728
0.937837848792205
5.400000095367432
3.64739039843812
51.40202880732379
135.61163141711737
72.34726688102894
274.5521008740736
0.872093023255814
0.519920634920635
0.329621359085994

LBG
45.16254999613271
86.2000009536743
1.0190476576487224
4.300000190734863
3.708963210657341
48.871513206790034
115.58544151183533
68.18181818181817
181.56380672767955
0.7738095238095238
0.6592063492063491
0.29601709880904065

LBG
39.53187800090034
75.50000057220458
0.9425926053965533
3.5999999046325684
3.69670377634655
43.228581777246866
159.50010891272777
63.55140186915887
231.3589636453415
0.8012820512820513
0.5711111111111111
0.3550265632818187

LBG
40.7334664646823
73.5000005722046
0.493442632746501
4.5
3.35719317929091
44.090659643973225
144.55797775130617
64.62264150943396
221.0040231028708
0.8791666666666667
0.5135714285714286
0.29043998851473185

LBG
39.3112219524991
72.56070639086565
1.1647887498560086
4.300000190734863
3.785709071401035
43.09693102390011
156.39304544535582
64.90384615384616
229.7407145740084
0.8347602739726028
0.5829100529100529
0.33862474024917466

LBG
39.28329525835573
79.21294529265937
0.8654545671560547
4.400000095367432
3.6334052924522977
42.916700550808045
136.57594306010418
57.98816568047337
219.3722335307068
0.8538732394366197
0.6257086167800454
0.36772683869506384

LBG













LBG
44.82736383474166
77.22860999092973
1.252380993631151
5.400000095367432
3.8320769573648796
48.65944079210653
160.8638719187305
70.76923076923077
247.01673258919286
0.8470394736842105
0.612063492063492
0.3433329811022665

LBG
46.38022303728233
77.10232256032184
1.074626883130465
4.699999809265137
3.7911873471822193
50.171410384464586
161.69546353021158
71.58273381294964
263.88481290068324
0.8781645569620253
0.4904761904761904
0.23780860301771614

LBG
44.95634710613942
78.99142294678128
0.9775862056633522
3.5999999046325684
3.5223447680789977
48.47869187421843
135.95264121812943
67.7570093457944
202.6891771851103
0.8378623188405797
0.4956084656084656
0.33796335300710484

LFF
25.21950976501737
46.816831733822795
0.395555564098888
2.200000047683716
3.2656082599768066
28.48511802499418
201.16991671008452
35.294117647058826
160.78548873372478
0.7481060606060606
0.4096825396825396
0.17272903247305588

LFF













LFF













LFF













LFF













LFF













LFF













LFF













LFF
25.20311280299814
43.10482873993271
0.6865384464080517
3.1999998092651367
3.3630917963759215
28.566204599374064
208.02090779921647
34.0
177.9253823593533
0.7954545454545454
0.39555555555555555
0.19449023421135175

LFF
25.03907135547712
42.892296821977475
0.18200000390410423
2.200000047683716
3.1259999999999994
28.16507135547711
223.50330196913305
20.454545454545457
176.38125000000005
0.8125
0.3388888888888889
0.18087142218580493

LFF













LFF
31.210294894008985
58.373111643012614
0.7833333341848283
3.3000001907348633
3.452791517104034
34.66308641111302
205.14424007014534
56.75675675675676
228.31949178687796
0.83203125
0.5053823953823954
0.2823506446440815

LFF













LFF
27.690848878953226
54.68995362848753
0.23636364146615518
2.200000047683716
3.185472765216438
30.876321644169682
207.79766790927965
34.12698412698413
218.8838996956028
0.8320783132530121
0.31286848072562357
0.13366947635592788

LFF













LFF
33.37018409113726
74.50723997573911
0.678494635448661
4.400000095367432
3.5196061862811763
36.889790277418435
206.42403330612646
57.14285714285714
298.6844194542204
0.8333333333333334
0.4256349206349207
0.19926785176400835

LFF
27.697303666319378
42.88985304240379
0.5953846260905266
2.200000047683716
3.372719070213631
31.07002273653301
254.90903923623537
39.02439024390244
199.62696201176564
0.7875
0.43468253968253967
0.19427398557409503

LFF
28.07756765717126
54.57979048526126
0.6047619161683888
3.3000001907348633
3.4522290194351024
31.52979667660639
224.71318253865087
43.04635761589404
244.72159612654522
0.8248546511627907
0.439062049062049
0.2411764965757043

LFF
24.88427482584013
43.869735611865025
0.3181818203492598
3.1999998092651367
3.268537847516448
28.1528126733566
243.0153849576307
28.440366972477065
209.03263541638097
0.8173076923076923
0.35365079365079366
0.2122131367816018

LFF













LFF













LFF
22.57419247598466
43.496236777104585
0.42000001127069647
3.3000001907348633
3.2921495458012267
25.866342021785883
239.24334752273913
37.391304347826086
181.55031390291006
0.7682291666666666
0.3931746031746032
0.23577475752861232

LFF













LFF
27.644752819744138
53.72311772336981
0.6500000137497078
4.400000095367432
3.4709762943416997
31.115729114085834
235.19307446732938
53.333333333333336
233.37181545890692
0.8035714285714286
0.49537037037037035
0.25778461563870075

LFF
23.87776001374052
41.5824874198672
0.24107143376022577
1.100000023841858
3.1839003480715196
27.061660361812038
245.79120755995694
24.742268041237114
181.32170338076313
0.7791095890410958
0.37587301587301586
0.23116747941436186

LFF
21.85924432478649
39.955135104825224
0.16176470522494876
2.0999999046325684
3.1130098090027656
24.97225413378926
209.19874257020015
15.942028985507244
138.2309807840352
0.7650862068965517
0.3944444444444445
0.1501131802090497

LFF
25.442447658476176
43.69107550707236
0.6460317713873727
3.3000001907348633
3.364987814875819
28.807435473352
230.8202388003174
45.588235294117645
209.08977965700993
0.8361486486486487
0.3973280423280423
0.2240296720750621

LFF
25.219179616035564
43.55479295576855
0.3285714371928147
2.200000047683716
3.2158059388959943
28.43498555493155
200.98844289690496
34.04255319148936
142.01247019832968
0.7106854838709677
0.42539682539682544
0.2053027655386326

LFF
24.589282238953313
49.00758005217914
0.38142858062471663
1.2000000476837158
3.2334179611957437
27.822700200149075
225.65055091712335
44.827586206896555
215.21036236974354
0.828125
0.38658730158730154
0.23445653612184275

LFF
26.264903563504948
57.30276333640404
0.5865671770341361
3.5999999046325684
3.4079830102303417
29.672886573735276
210.8355803988369
46.45161290322581
225.7141406047245
0.8019578313253012
0.43146464646464644
0.1946502643184279

RAN
56.21177867896688
427.68102001273166
2.1666667262713113
5.699999809265137
4.281085516445697
60.492864195412594
33.282969854362726
68.0952380952381
220.4870192186132
0.7649253731343284
0.8638888888888888
0.21279473449660813

RAN













RAN













RAN













RAN
44.29186926745892
158.3723674954808
1.9877551614629978
4.300000190734863
4.256261990302517
48.54813125776145
84.18794355590477
54.054054054054056
230.27835551705547
0.7904411764705882
0.8176190476190477
0.22222772705796082

RAN
44.006222771470505
219.49999876469366
2.2600000286102295
4.699999809265137
4.313494513476123
48.31971728494663
64.91692896272487
52.4822695035461
219.12299207246022
0.7509328358208955
0.8888095238095239
0.17724577738321304

RAN
42.663098238048086
74.13014758169184
2.418518573735599
4.699999809265137
4.491330557896711
47.15442879594482
200.70743264640558
59.13978494623656
273.29652515226843
0.8018092105263158
0.9058730158730159
0.24166678245035514

RAN













RAN













RAN
36.5469223158693
65.04508840527646
2.568888929155138
5.699999809265137
4.5481084467326935
41.09503076260201
185.56796881235383
38.67924528301887
239.1086880903108
0.7980769230769231
0.8871428571428571
0.20421451402094512

RAN
45.44816531570874
89.65102508200852
2.455405444108151
5.400000095367432
4.652090268590508
50.100255584299234
181.9131756138404
55.0561797752809
310.79026101296125
0.8359375
0.8732804232804233
0.26494054915775306

RAN













RAN













RAN













RAN
36.2114452797952
62.53374594808102
2.462264173013984
5.699999809265137
4.527785223300141
40.73923050309536
200.49481691123873
32.69230769230769
257.1448336434025
0.8080357142857143
0.8671428571428572
0.18073018591357173

RAN
46.897900925126606
83.07242410097072
2.3903846507175612
5.699999809265137
4.398650118670593
51.29655104379721
177.53020081756733
56.57142857142857
282.185854813818
0.834703947368421
0.8835978835978836
0.1884988485155057

RAN













RAN













RAN













RAN













RAN













RAN













RAN













RAN













RAN













RAN
37.738158337888855
131.76036980279687
2.1857143333980016
4.699999809265137
4.257000002790272
41.995158340679154
83.52345267564617
51.28205128205128
184.96386821718846
0.7620614035087719
0.8674074074074075
0.2292608664262981

RAN













RAN













RAN













RAN













TBF
26.369803001521625
43.19430409217435
1.0783783978707082
2.200000047683716
3.5727664589605515
29.9425694604822
214.426703127115
16.43835616438356
149.15644433995854
0.6864754098360656
0.8266666666666665
0.2708358173865616

TBF
36.28217059551199
70.94773292697175
1.1736111366707418
3.3000001907348633
3.7855009866561766
40.06767158216819
181.5317625352031
64.03508771929825
253.23686169977623
0.8117378048780488
0.8428042328042328
0.2834811893552875

TBF
27.806510984210558
57.65514670708841
1.0963636602867732
2.5
3.652005920289938
31.45851690450051
180.82153827980403
28.865979381443296
170.74848091768504
0.6702898550724637
0.8009523809523809
0.24775048879751693

TBF
32.83635861659812
59.177790730063144
1.2107692539691925
3.3000001907348633
3.763975763348709
36.60033437994683
209.07057185678872
50.931677018633536
241.85712075839635
0.814873417721519
0.8185714285714286
0.29442208275891435

TBF
23.319222070035476
43.118513190995436
1.0947368648883544
2.5
3.5539629621030335
26.87318503213851
202.46922348724686
20.77922077922078
159.09123834896187
0.7325819672131147
0.8342857142857143
0.2567049584521352

TBF
38.34945395721382
73.65280464280113
1.3450704434178244
3.5999999046325684
3.829453862769855
42.17890781998369
196.84371512477713
63.888888888888886
279.6187693925623
0.8001373626373627
0.7590476190476191
0.2362030696515132

TBF
29.796480714765142
56.45470907358352
0.9711538656399801
2.200000047683716
3.5751755250820674
33.37165623984723
186.39573668988297
30.0
176.79177636665747
0.7053571428571429
0.8040816326530612
0.3670427496944024

TBF
65.88166110547687
120.29228857094401
1.5305263386745203
4.699999809265137
4.133892061455107
70.01555316693194
141.36640138769658
79.73568281938326
318.63179232989677
0.8322010869565217
0.7688359788359789
0.21184565870178687

TBF
26.70774425731604
48.889044482423635
1.0469387941518609
3.1999998092651367
3.6234372028409294
30.331181460156973
210.69182426451783
27.368421052631582
187.48655580279976
0.7518115942028986
0.8062698412698412
0.3023038444077762

TBF
33.428321876820206
67.26457169410806
1.032727295837619
3.3000001907348633
3.6725661911226255
37.10088806794281
168.2166469303245
39.66942148760331
191.1271723323212
0.7191780821917808
0.820952380952381
0.25199393812515825

TBF
31.14125901303998
60.67432754437779
0.992957768410864
2.5
3.652844667316918
34.79410368035693
190.9621613922406
36.440677966101696
205.2771657998563
0.7458333333333333
0.8359451659451658
0.3566796294448601

TBF
25.574401503340255
43.19347840996901
1.0021739313783853
2.5
3.577159781404262
29.151561284744524
237.70202639693014
31.06796116504854
180.42326047731453
0.7086267605633803
0.7339153439153437
0.24115635102174796

TBF
30.253226958941855
63.200001814961446
1.0068965690403149
2.299999952316284
3.607414933292086
33.860641892233986
164.5922706715581
44.26229508196721
185.0451326038387
0.7536764705882353
0.7888888888888888
0.2465113699189038

TBF
31.89939566620686
63.1137374679165
1.0770492027284668
2.200000047683716
3.639556648193242
35.538952314400106
180.81817033991092
34.21052631578947
194.04843977257366
0.7041666666666667
0.868831168831169
0.2882331664857377

TBF
29.73136755911234
66.1012342612732
1.1352941388008642
2.5
3.6293725770196614
33.36074013613199
171.83313703097224
39.83739837398374
202.84845113753647
0.7559121621621622
0.824920634920635
0.2254358516740692

TBF
25.556642757165154
51.91191970741963
1.0227272913537242
3.5999999046325684
3.5783195998226995
29.134962356987874
184.78420101434833
24.137931034482758
176.05763673652984
0.7386363636363636
0.8191005291005292
0.19501956608442308

TBF
52.53382819365284
92.13731668041699
1.5917808308380923
4.399999618530273
3.9840236449841693
56.51785183863703
175.82853580698367
70.16393442622952
308.00609926115936
0.8413461538461539
0.7876911976911977
0.2261668438589684

TBF
33.344805022474816
61.63057863852226
0.9736842336623293
3.3000001907348633
3.638470275763458
36.98327529823829
198.87792117268754
54.06976744186046
231.16683409797352
0.803006329113924
0.7483333333333334
0.2459089817269104

TBF
40.208929284298016
78.28337136002799
1.058666692574819
3.3000001907348633
3.6958898516851484
43.904819135983196
154.55771860881313
60.416666666666664
217.22930728110242
0.7648026315789473
0.8531481481481481
0.3346663479197539

TBF
40.68753328739071
79.40098273559141
1.4188406132701514
3.3000001907348633
3.9631992588697273
44.650732546260436
173.53901415298373
65.23605150214593
272.2514816845366
0.8487654320987654
0.873174603174603
0.3181205373717921

TBF
28.485507161668682
56.973952218184884
1.2655737936252454
3.3000001907348633
3.6765611024842273
32.16206826415291
198.63594856463632
40.32258064516129
198.78402522605947
0.7263513513513513
0.6929100529100528
0.2535520901342903

TBF













TBF
56.55656483658045
114.24478052445463
1.6131579315191822
3.5999999046325684
4.0360202912185
60.59258512779896
145.46778665756045
70.06578947368422
301.0672071785002
0.8173076923076923
0.8820899470899471
0.18876220621589473

TBF
33.601649416584706
71.24819953546883
1.326153874855775
4.300000190734863
3.8256657412681907
37.42731515785292
175.43594985820712
47.682119205298015
229.50835595714045
0.7555379746835443
0.8024542124542126
0.3338990774177551

TBF
27.764708250183965
51.05669814839572
1.2020833572993677
3.3000001907348633
3.6887998698071325
31.453508119991135
209.1334213400539
31.06796116504854
190.2731887297951
0.7262323943661971
0.8082539682539681
0.27412684059649745

TBF
39.40561485924386
77.48920768667504
1.2852459290965659
4.300000190734863
3.8151563048558184
43.22077116409968
176.13273692821616
51.17647058823529
244.83735723101535
0.7718373493975904
0.860873015873016
0.3254135090014683

TBF
25.088531434737533
47.58615175159902
1.1414634403659076
2.200000047683716
3.61634460984334
28.704876044580853
163.42470739484133
41.57303370786517
129.2683696246348
0.6790865384615384
0.8894444444444445
0.23102878560079637

TBF
26.80647475689308
48.832931593896056
1.1541666846411924
3.1999998092651367
3.720642272145135
30.52711702903823
207.6848438327317
32.67326732673268
199.91523912754636
0.7904411764705882
0.7567195767195768
0.21539968439784463

TBF
33.130511318639655
59.8211019772056
1.1066666906078657
3.3000001907348633
3.6766486268257634
36.80715994546538
199.98207466780207
40.8
191.94403615743227
0.6967905405405406
0.8445165945165946
0.2891507363753677

TBF
33.4576555582037
72.29999895095825
1.0371428783450807
2.299999952316284
3.6601645599901147
37.11782011819381
174.5118824940161
50.306748466257666
216.94922195713764
0.7253086419753086
0.795925925925926
0.1794883331517595

