AFF













AFF
47.11353601970257
89.84243358870197
0.4633333424727122
4.400000095367432
3.396228848115174
50.509764867817715
122.9906885559428
73.5191637630662
199.01271724989644
0.7944078947368421
0.5361640211640212
0.5620594767682758

AFF
43.17729291955937
71.30000028610229
0.5214285829237529
4.699999809265137
3.424934429281289
46.60222734884064
157.5527948444049
70.5179282868526
199.43945863089692
0.8057432432432432
0.5037902837902838
0.6097658022021805

AFF













AFF













AFF
44.60551241583592
67.20000076293945
0.6770491932259232
4.699999809265137
3.4893199502193637
48.09483236605526
175.1026793864567
75.44378698224851
223.91733194787517
0.7891566265060241
0.47071428571428575
0.514524502273241

AFF













AFF
46.52339916610065
84.85133638957306
0.6942307811516982
4.699999809265137
3.5252690725911124
50.048668238691754
129.20988501303069
71.09375
194.2997581666587
0.7753378378378378
0.4944444444444445
0.6730784575314239

AFF
47.00881238469624
73.73136590077152
0.8469697146704702
4.699999809265137
3.4872174889828447
50.4960298736791
149.72094765663712
72.95373665480427
202.867928458973
0.7779605263157895
0.47134920634920635
0.656851447474635

AFF
41.12741462060088
65.8434263333898
0.28250000178813933
3.5999999046325684
3.2007221960092567
44.32813681661012
135.75782927091328
62.06896551724138
151.46663679111703
0.7215909090909091
0.4261111111111111
0.6900892845656376

AFF













AFF
36.439720317054686
60.5743670126356
0.3539682607802134
3.5999999046325684
3.2790858524945343
39.718806169549204
160.79345279668937
63.725490196078425
174.72042443630548
0.7280405405405406
0.4528571428571429
0.9227295287651531

AFF













AFF
39.062854298832605
64.52430228536808
0.46315791104969223
3.3000001907348633
3.302166236169909
42.365020535002515
138.23227506334794
65.28497409326425
159.34643583833184
0.7406716417910447
0.48857142857142855
0.6250368892372227

AFF













AFF













AFF
34.42311830220115
58.48092074267319
0.8986111399200227
3.5999999046325684
3.515189426575021
37.93830772877617
193.18251481706807
66.94915254237289
226.58263832349857
0.8301282051282052
0.44796296296296306
0.7295658577465037

AFF
36.416380544239765
69.12905988165605
0.43421053886413574
3.3000001907348633
3.2454092619795807
39.66178980621933
113.03640993503474
58.86524822695035
125.02484460939843
0.6788793103448276
0.5027777777777778
0.541494706017982

AFF
42.80123120129003
73.52629680227382
0.595774662326759
3.5999999046325684
3.406099032670931
46.20733023396099
150.65485880018684
67.91666666666667
201.9134548934309
0.7792207792207793
0.48405483405483396
0.8458021647204325

AFF
41.86294573357784
77.8173280649392
0.7013157857091803
3.5999999046325684
3.4226419320065093
45.28558766558437
155.48474497734412
63.75545851528385
212.68238349923323
0.7545180722891566
0.403015873015873
0.8959937977904577

AFF
40.916858478150075
65.52936358560808
0.5942307916971353
4.400000095367432
3.44137662455255
44.358235102702636
152.02946981952724
69.56521739130434
194.6874384886981
0.825
0.48715986394557825
0.663128823895301

AFF
46.55532513947722
85.94504729364625
0.8127659584613557
3.5999999046325684
3.592854394816316
50.14817953429353
122.22963077018267
70.12987012987013
182.18983720289035
0.7572463768115942
0.5680158730158732
0.7418627273962413

AFF
41.25299567457697
73.50000057220458
0.6695652422697648
4.400000095367432
3.446959945738815
44.699955620315755
130.8301275190078
65.64102564102564
180.84347650308823
0.792910447761194
0.5032804232804233
0.7790088451048041

AFF
43.97000426499076
73.18965783406371
0.7534883937170339
4.400000095367432
3.4995018142348946
47.469506079225646
127.38503341413053
69.62616822429906
173.27959002891043
0.7673076923076924
0.5806349206349206
0.6492951346926803

AFF













AFF













AFF
40.707586182963446
71.80605135335419
0.4679245319006578
3.5999999046325684
3.328426800576486
44.036012983539955
142.4957570663314
65.40284360189574
188.76312743445533
0.7791095890410958
0.4966666666666667
0.6230113272930765

AFF
39.496095904506355
74.7111838076509
0.49189190284625905
3.5999999046325684
3.2983359212800987
42.794431825786454
117.21182905559576
65.57377049180327
179.4301633267485
0.8551587301587301
0.5211111111111112
0.6162896879210521

AFF













AFF













ANF
34.89727672485911
59.2668565483872
2.090140873277691
4.5
4.339066384353953
39.236343109213095
217.59562915092553
30.275229357798167
173.28432655529997
0.53125
1.0
0.4890071647127499

ANF
32.8509242414826
65.94545375940416
2.2527273048054086
4.300000190734863
4.360233424686293
37.211157666168894
194.30871508905332
20.43010752688172
174.9565402773866
0.543918918918919
1.0
0.5217492037528634

ANF
34.179516235721216
60.6989823477133
2.2516667104015746
4.5
4.4842452568905955
38.66376149261181
204.20716885028932
29.411764705882355
175.02880168352027
0.5434027777777778
1.0
0.5482922594781326

ANF
36.91446011427276
66.97107007922625
2.111627946066302
5.699999809265137
4.444353713510928
41.3588138277837
233.29416008743016
33.587786259541986
219.0764774915582
0.5675287356321839
0.993939393939394
0.5178416443782305

ANF













ANF
32.12864503788513
53.25914941835921
2.3060000343620777
4.5
4.321000078774106
36.449645116659255
225.30555516838197
25.806451612903224
145.8571049683105
0.49094202898550726
1.0
0.43804785685224096

ANF
28.983710031271745
60.013287440636944
2.110416707893213
4.400000095367432
4.242158970263846
33.22586900153558
170.33579454568294
15.068493150684931
138.44574929744974
0.5342741935483871
1.0
0.4534215883657938

ANF
32.61534864993134
51.77666735941933
2.0150943657137312
4.400000095367432
4.199961617524328
36.81531026745569
237.58460600714486
20.43010752688172
165.78430044446725
0.5304054054054054
1.0
0.49027225914445627

ANF
30.83273620230848
51.000001525878915
2.072000026702881
3.5999999046325684
4.305936712687768
35.13867291499623
247.16469537613375
20.87912087912088
170.59812060248706
0.5555555555555556
1.0
0.5844904998929032

ANF
36.36775881418272
64.97008392495644
2.3153846428944513
5.699999809265137
4.422762525791031
40.79052133997374
220.41346588093782
24.509803921568626
174.3780336403605
0.5146103896103896
1.0
0.5015505399525666

ANF
30.975949591013283
59.47979879325458
2.187719332544427
4.400000095367432
4.391599818668124
35.3675494096814
219.6603321245007
20.43010752688172
191.85647729454334
0.5945945945945946
1.0
0.6909567423970973

ANF
31.458563684346544
54.88522744339617
2.056363660638983
4.5
4.265472391527222
35.724036075873755
233.0113838522115
22.340425531914892
179.04293898852046
0.5873287671232876
1.0
0.4937288971820089

ANF
31.55770637881372
50.147395257785064
2.0261905023029874
3.5999999046325684
4.166677492925462
35.72438387173918
229.49642297073873
14.473684210526317
154.99425255471837
0.5788461538461539
1.0
0.47613454258660415

ANF
32.20616754098651
57.50000085830689
2.1940298685387
5.400000095367432
4.386607448311933
36.59277498929844
244.43279665912937
25.438596491228072
196.80385820042795
0.5323529411764706
1.0
0.5185687456105849

ANF
39.105114173081404
80.2594790098627
2.079687526449561
4.5
4.268289281290825
43.373403454372216
177.3982204673237
33.88429752066116
189.4932908038588
0.5640625
1.0
0.4622368370288585

ANF
31.71402955549512
58.18248996995058
2.211111148198446
4.5
4.291603066895906
36.00563262239105
209.53577852154297
16.666666666666664
156.29987056244684
0.5339285714285714
1.0
0.5023751758408322

ANF
32.61713039333004
59.395861862225345
2.391379352273612
5.699999809265137
4.529619914597532
37.146750307927604
207.94393565428442
34.25925925925926
181.4596011693604
0.5669014084507042
1.0
0.47746596728234547

ANF













ANF
34.85920216928749
53.88452508374298
2.2139535282933434
4.5
4.353922886202605
39.213125055490096
219.23935617605107
21.951219512195124
152.7072181261997
0.55078125
1.0
0.5471011450894421

ANF
35.669097143254206
55.600455178118985
1.9839286016566413
4.400000095367432
4.255261360636573
39.92435850389077
236.7949840803001
35.833333333333336
198.9486934107544
0.612012987012987
1.0
0.43229085293947267

ANF
32.45897562136211
49.75623490586255
2.2047619195211503
4.400000095367432
4.323026869696584
36.78200249105869
223.04755540651925
22.61904761904762
158.9969798926319
0.5769230769230769
1.0
0.49571656403197045

ANF
30.867477573257496
58.290773475308136
2.2214286071913585
4.5
4.357530824045834
35.22500839730335
212.95932136132052
24.175824175824175
160.92464776210187
0.5452898550724637
1.0
0.4967253356721754

ANF
35.26110022764618
60.466831294944875
1.9485294608508839
4.5
4.310672283163689
39.571772510809915
259.37802008561465
33.59375
211.59067918162637
0.5852941176470589
0.9925925925925926
0.5513354633742407

ANF
31.075498083956315
69.18166544721647
2.046666701634725
4.699999809265137
4.275170347927719
35.35066843188403
203.44196071330708
27.358490566037734
175.68147393663568
0.5405844155844156
0.9925925925925926
0.513581984065615

ANF
45.017736389939486
87.85439929768488
2.1364865335258276
4.400000095367432
4.491674222253996
49.50941061219352
182.72805470279405
48.07692307692308
220.17814050687622
0.6111111111111112
0.9582491582491582
0.564349824164183

ANF
34.13666024596678
67.52734852818493
2.0388889087846986
4.400000095367432
4.276805039847252
38.41346528581402
197.41462229665922
21.27659574468085
182.0870010460105
0.5777027027027027
1.0
0.5419862256254612

ANF
27.810264746042105
48.04542536699383
1.9775510612799196
3.5999999046325684
4.145663202706297
31.955927948748414
227.22678919551646
15.789473684210526
144.83387967875217
0.552734375
1.0
0.449414588102497

ANF
28.985662730282368
50.387477403588356
2.1918367536700503
4.699999809265137
4.329537264635598
33.315199994918004
270.83888913742214
16.129032258064516
186.86736794259946
0.5689102564102564
1.0
0.6504508847781199

ANF
34.36117271303848
58.945903388173456
2.4149254204621955
4.5
4.540607640609725
38.90178035364823
234.00180594204812
30.701754385964914
176.62995823240973
0.49683544303797467
0.9925925925925926
0.5375812684261532

ANF
37.49355348075504
61.16387333937102
2.247761244204507
5.400000095367432
4.4597125580976265
41.953266038852675
217.1526976390307
31.132075471698112
180.4859546270975
0.559931506849315
0.9818181818181818
0.5542417850369381

LBG













LBG













LBG













LBG
38.58374888003368
65.5712118433238
0.45576924314865697
3.5999999046325684
3.317186742073653
41.900935622107326
138.28838816483056
50.37037037037037
151.71018467585796
0.6958955223880597
0.4722222222222222
0.26754133583475337

LBG
36.632137992963884
56.08103023744146
0.3584415695884011
3.4000000953674316
3.3161596989283475
39.948297691892236
193.62028204106184
49.681528662420384
191.63061475777272
0.7436708860759493
0.5331481481481481
0.45417984161781066

LBG
33.4551583176609
52.12632702450875
0.2465517335924609
3.3000001907348633
3.20363935172788
36.65879766938876
183.04788285827232
55.42168674698795
165.11928119860198
0.7077702702702703
0.5061904761904762
0.22068117941721976

LBG













LBG
41.244227871827846
77.80000038146973
0.3857142830651904
3.5999999046325684
3.2853049073701803
44.52953277919803
152.71038155867123
55.497382198952884
205.02068062475627
0.7426470588235294
0.4851719576719577
0.28599339860826944

LBG
29.202124267816625
49.83214641147799
0.29811321564440457
3.4000000953674316
3.2295466369372665
32.431670904753894
199.83236061336603
36.36363636363637
172.18484517916175
0.6996753246753247
0.38370370370370377
0.41781989776525613

LBG
32.49927687266753
52.89999713897706
0.47058824931873994
4.400000095367432
3.354667367092175
35.853944239759706
193.61404004215106
46.666666666666664
193.87438070082
0.73125
0.457946127946128
0.3969153266279187

LBG













LBG
34.88338510110547
72.2606037240083
0.2487804889678955
4.699999809265137
3.2390343598686746
38.12241946097415
176.2559665911896
55.88235294117647
229.00954694533638
0.7916666666666666
0.394973544973545
0.4966268853581253

LBG
38.89269274835815
61.726974288795766
0.2770833323399226
4.300000190734863
3.1919234661384235
42.08461621449655
156.3915859525524
52.0
155.8176329527843
0.6840277777777778
0.43809523809523815
0.4446152106007427

LBG
37.90499238353225
76.85601726026795
0.5510204215438999
4.699999809265137
3.4151772616490885
41.320169645181316
157.81253713000734
57.56097560975609
222.20527481861896
0.757183908045977
0.414136604136604
0.46887976676336424

LBG
34.46143221783188
54.017265833026435
0.466666661368476
4.699999809265137
3.3139460378875913
37.77537825571948
162.4037455266574
47.286821705426355
143.61735996767803
0.6452205882352942
0.48544973544973546
0.3432722189701131

LBG
37.260152323297504
59.80000009536744
0.2557894832209537
3.4000000953674316
3.2965915960513463
40.55674391934887
194.1269833923257
58.21596244131455
236.25087509781764
0.8160112359550562
0.4119047619047619
0.48942028428632095

LBG













LBG
30.85260348791573
52.44042327766307
0.23404256080059296
3.3000001907348633
3.151606399302807
34.004209887218565
172.36386583145685
43.333333333333336
144.83698542305106
0.6746323529411765
0.4268253968253969
0.4015399332005276

LBG
30.008049279608983
52.11226784321278
0.305405407338529
4.400000095367432
3.179689675496217
33.187738955105196
143.07785429232084
46.2962962962963
121.85766618497475
0.6702586206896551
0.4571428571428572
0.47842755091973443

LBG













LBG
37.07248886648321
57.918424609305205
0.5170212755811975
3.5999999046325684
3.2698259986364904
40.34231486511971
157.9736481054674
47.76119402985074
157.81406600543392
0.6946428571428571
0.477020202020202
0.27431818551211895

LBG
36.84926556781143
79.6660709930396
0.17288136078139482
3.3000001907348633
3.1616488106960445
40.010914378507486
122.79368435013087
51.369863013698634
158.56854331120203
0.7200704225352113
0.4408119658119658
0.3793847153734087

LBG
36.08427896581556
58.43453216139041
0.38082192858604536
4.699999809265137
3.3742777463906157
39.45855671220615
190.06248866500866
45.57823129251701
233.42667565624112
0.8859375
0.4788167388167388
0.5457626453737658

LBG
33.31102942129846
57.6970191471021
0.2921875100582838
3.3000001907348633
3.2370912234303866
36.54812064472885
191.1924789581966
47.16981132075472
210.55262532483792
0.7797619047619048
0.40884559884559885
0.5175569002333217

LBG
35.38011030873548
61.70825618057971
0.245744692518356
3.3000001907348633
3.245128328817461
38.62523863755295
205.1278432959094
48.63387978142077
221.3495629088414
0.723404255319149
0.3642063492063492
0.543428502329403

LBG













LBG













LBG













LBG













LBG
32.0909514946307
54.6057074624698
0.654717004524087
3.5999999046325684
3.3466663561499
35.4376178507806
166.8715805508731
40.17094017094017
139.48423396440577
0.5910714285714286
0.4780952380952381
0.30630929621862707

LFF













LFF
20.69716877363148
36.26586752374033
0.0
0.0
2.9991757197107383
23.696344493342217
266.0526844593223
4.10958904109589
88.10336264240688
0.41964285714285715
0.2366666666666667
0.17290089605225975

LFF













LFF













LFF
23.557744542094795
42.695418240148584
0.0
0.0
2.9996235225023966
26.557368064597195
240.14761488145564
4.938271604938271
108.36775280817113
0.46915584415584416
0.22367724867724867
0.1870572392081212

LFF













LFF
21.875043365223522
40.266114581055334
0.049253732410829455
1.100000023841858
3.032953456937497
24.90799682216101
272.2120464005244
10.344827586206897
114.53444211365819
0.4807692307692308
0.27039682539682536
0.30626088846535526

LFF













LFF
22.997076376842124
36.246306650786316
0.0
0.0
2.9998434706595343
25.99691984750166
296.60571527506545
4.878048780487805
111.37347383893047
0.47596153846153844
0.21404761904761907
0.21403898610074146

LFF
19.06097763255924
35.40679809123861
0.0
0.0
2.999237375073652
22.060215007632884
235.44440652477317
7.246376811594203
84.35250696519078
0.439453125
0.30238095238095236
0.2607504330846669

LFF













LFF
22.508878462596403
40.11135356767873
0.04259259391714026
1.2000000476837158
3.0269536427646586
25.535832105361063
258.70814639214524
10.843373493975903
110.73687120906133
0.4966216216216216
0.2841269841269841
0.3035134338474307

LFF













LFF
20.65887230053962
39.41066409193857
0.02857142919069761
1.100000023841858
3.029605435049488
23.688477735589107
302.31868649839095
16.666666666666664
159.89230467612225
0.6191176470588236
0.27683368219082505
0.3141894573736099

LFF
27.439294265491984
138.5595910102948
0.0
0.0
2.9993297236398933
30.43862398913187
64.54589728001649
25.609756097560975
81.73081385539757
0.44672131147540983
0.28730158730158734
0.22605862074476993

LFF













LFF













LFF













LFF













LFF













LFF













LFF













LFF













LFF













LFF













LFF













LFF













LFF













LFF













LFF













RAN













RAN













RAN













RAN













RAN
33.38579755778904
53.462261679816045
2.4034483186129867
5.400000095367432
4.505894112186112
37.89169166997515
255.94037384204688
26.47058823529412
163.8873459078014
0.48333333333333334
0.8155555555555556
0.3161295363230585

RAN













RAN
35.732019565739
68.31227016976763
2.4000000315652765
5.699999809265137
4.597671204194669
40.32969076993369
215.56767337863212
23.300970873786408
147.0179856839652
0.40348101265822783
0.8526984126984126
0.3229668561422622

RAN













RAN













RAN
29.944967128573488
52.9113848114835
2.2942307889461517
4.699999809265137
4.489863886992058
34.434831015565535
215.08935236664493
17.073170731707318
126.12682554253414
0.40808823529411764
0.8894444444444445
0.3666069174446906

RAN













RAN













RAN













RAN













RAN
40.149025716494194
104.46586439414696
1.8901408988405282
4.400000095367432
4.327129245309945
44.47615496180413
152.13542063268372
45.39473684210527
172.2171336935518
0.47740963855421686
0.8566137566137567
0.4118907435496876

RAN













RAN













RAN













RAN
38.39393158429968
83.10000315010548
2.420000023394823
5.699999809265137
4.569000754669614
42.96293233896931
152.893852051486
40.18691588785047
114.7003381760718
0.39453125
0.8844444444444444
0.30822896361065366

RAN
31.676548364801086
71.04650926847022
2.177941225907382
5.400000095367432
4.386226700797168
36.06277506559825
190.29629434297232
15.555555555555555
127.17333838242622
0.3881578947368421
0.882766439909297
0.3475356637252019

RAN













RAN
33.029387316702106
57.46223356999256
2.438888920678033
4.699999809265137
4.32044644934622
37.34983376604834
178.89809284136456
13.432835820895523
83.94584324408899
0.3297413793103448
0.8838888888888888
0.2628048152193686

RAN
34.2426971705362
68.01418214294699
2.445283050807017
5.400000095367432
4.52902681017008
38.77172398070634
203.77829627502976
37.5
151.5703138776249
0.45
0.9299206349206348
0.3141596630595178

RAN
37.11690404351686
58.18961702844214
2.1807692711456466
5.400000095367432
4.392008564153553
41.50891260767042
204.0082921810141
20.238095238095237
107.68559400046378
0.3675373134328358
0.8975396825396824
0.3465055566741538

RAN













RAN













RAN
28.469537803148224
45.40000038594008
2.134883783584417
4.5
4.367802161585437
32.837339964733665
215.09795885466798
15.942028985507244
93.28422439923638
0.36853448275862066
0.8738095238095237
0.2348107658878744

RAN
34.08804103266878
56.19215622229944
2.4155172890630263
5.699999809265137
4.498645614656978
38.586686647325756
240.37310765130536
31.19266055045872
168.77589447596225
0.5016666666666667
0.871904761904762
0.4466845904176109

RAN













RAN













TBF













TBF













TBF













TBF
26.957930024860975
44.1687339323786
1.1117647265394528
2.5
3.6128476797593714
30.570777704620358
244.3129767885012
14.942528735632186
90.920249458701
0.33783783783783783
0.7431746031746033
0.3598094788425974

TBF
26.260722692332376
43.99376286306268
0.985714302957058
2.0999999046325684
3.508883570816595
29.769606263148994
187.92672487344942
0.0
52.258347458483684
0.24791666666666667
0.7431746031746032
0.2405999330563551

TBF
25.690652011842293
46.61617668032098
1.056666688621044
2.5
3.5927407681376415
29.28339277997994
239.57456069441614
0.0
98.07491026867565
0.3569078947368421
0.8199206349206349
0.5415820097235147

TBF
25.170986846354687
40.54624049328698
1.075000018024674
2.5
3.590229308972791
28.76121615532749
265.33492222342977
7.6923076923076925
89.75666339427019
0.3472222222222222
0.7562962962962965
0.3071528023659545

TBF













TBF













TBF
23.695052266361785
38.99116689736105
0.7513513656685481
2.200000047683716
3.5124130584935336
27.20746532485535
308.27885937410724
21.49532710280374
137.6055984877126
0.4732142857142857
0.6989153439153438
0.4436605945074975

TBF
25.947071010951767
42.092344924527445
1.0454545655033805
2.0999999046325684
3.550893385071349
29.49796439602311
244.5521832930307
0.0
83.7222457536838
0.31756756756756754
0.7517460317460317
0.34186804287122774

TBF













TBF













TBF













TBF
25.245638187395826
42.84385305454977
0.941791063035602
2.0999999046325684
3.5656378890364513
28.811276076432282
250.32851668602183
12.5
117.73169932210382
0.42694805194805197
0.8048921448921449
0.48620674812822684

TBF













TBF













TBF













TBF













TBF













TBF













TBF













TBF













TBF













TBF













TBF
25.412183259191053
41.45442869114431
1.052727291936224
2.5
3.571978329854146
28.98416158904519
281.99854953962256
0.0
76.2492550598443
0.2833333333333333
0.7775396825396824
0.36411333497046533

TBF
23.923244606150767
41.97780734498866
1.0000000216066838
1.100000023841858
3.4915262306015555
27.41477083675234
198.32421040581656
0.0
61.042573612582885
0.28024193548387094
0.7202380952380952
0.3305676705290279

TBF
24.720799004574236
50.36920717971582
0.9783333521336317
2.0999999046325684
3.5602460537610154
28.281045058335252
216.86950348802907
3.896103896103896
106.6361477581362
0.40371621621621623
0.7957671957671957
0.5051373578398589

TBF













TBF
27.8639454270892
45.2267095646642
1.0259259454905987
2.0999999046325684
3.5357242047197825
31.39966963180898
211.8975107753324
1.4285714285714286
85.06506636354162
0.34601449275362317
0.8152380952380953
0.4432475421286725

