AFF
43.5284392918068
72.6999942779541
0.3771428653172084
2.200000047683716
3.240174787354975
46.76861407916177
108.37955116052437
73.61111111111111
142.19270184405235
0.7730263157894737
0.6246825396825397
0.2541520370069718

AFF
52.318962217636525
75.08886817905298
0.9500000317891438
3.5999999046325684
3.6128639752867793
55.9318261929233
146.98866905199253
77.35849056603774
207.78108844966317
0.7994791666666666
0.5074664224664225
0.4511667670067912

AFF













AFF













AFF













AFF
47.08308617139636
92.77667009299208
0.6553191732853016
3.3000001907348633
3.492976562721025
50.576062734117414
112.21316095375722
73.4375
181.49185486321963
0.7610294117647058
0.5844444444444445
0.4143736183896282

AFF













AFF













AFF
43.79636626012854
75.39382859100456
0.8500000059604644
3.5999999046325684
3.5913623633160054
47.38772862344454
141.56132378890823
72.41379310344827
201.73758250722094
0.7942708333333334
0.47920634920634925
0.40168982886720817

AFF
48.27019672808276
82.05370084749602
0.8790322772918209
3.5999999046325684
3.567734755081348
51.837931483164084
145.38610944935215
75.60975609756098
232.26260695296634
0.81328125
0.5984656084656084
0.5910107991588602

AFF
52.16858797151677
86.3711025029142
1.1019608016107596
4.699999809265137
3.7122819613322346
55.88086993284901
131.1609155926867
76.15894039735099
214.90881704611724
0.8125
0.66994708994709
0.3660996304789995

AFF
47.0482596868209
80.89999980926513
0.7384615494654729
4.400000095367432
3.711953440196596
50.76021312701752
156.69728786224002
77.74647887323944
248.46120362836388
0.8496835443037974
0.5340476190476191
0.43375867704247895

AFF













AFF
45.35624090788969
90.68132706756167
1.0640000104904175
4.400000095367432
3.620517058442934
48.97675796633264
112.677835626013
69.5852534562212
194.60405176387292
0.8125
0.6464814814814814
0.40389723397617416

AFF
42.65821488481173
71.2994279934228
0.6346938902018021
3.5999999046325684
3.480128367476615
46.138343252288344
127.71268127727654
75.0
159.147539044209
0.7855603448275862
0.6255555555555556
0.21553984577718419

AFF













AFF
43.37183844800374
73.50000057220458
1.052000014781952
3.5999999046325684
3.68834671239402
47.06018516039777
135.74256159422922
73.14049586776859
185.8558559036963
0.7875
0.600185185185185
0.39731939889933926

AFF













AFF













AFF
43.794801667787816
80.89999980926513
1.120895558328771
3.5999999046325684
3.686238656922624
47.48104032471044
140.03250357667653
71.07438016528926
199.52409828320694
0.7633928571428571
0.5966269841269841
0.4778120212609267

AFF
59.55617537704481
110.99999999999997
1.1157142996788025
4.5
3.6928896490778347
63.249065026122665
124.11582993302537
79.18660287081339
274.90688784127224
0.853448275862069
0.551984126984127
0.37507363504090874

AFF
41.53698621194402
68.94855397970375
0.9450000047683715
3.5999999046325684
3.621072517639589
45.15805872958361
138.15223939816045
70.1492537313433
166.1288306613944
0.7625
0.6273015873015872
0.39330237130509865

AFF
44.659238559496096
81.5025607645191
0.9093023483143297
3.5999999046325684
3.5347339695584585
48.193972529054555
121.06087891947264
74.5173745173745
184.84156964761692
0.7926136363636364
0.6038095238095238
0.22129809869316144

AFF
51.47944301548201
91.4903967110351
0.7306666771570841
3.5999999046325684
3.4770794439742954
54.956522459456345
126.4218139490777
73.97260273972603
209.6031787497942
0.7796052631578947
0.46634920634920635
0.3786499767897541

AFF













AFF
45.04569860226195
73.61192616399269
0.8753246966894571
3.5999999046325684
3.653454502435866
48.699153104697785
152.76974677665822
72.4907063197026
223.3747559704953
0.8260135135135135
0.6134920634920635
0.371480212289946

AFF













AFF
47.14750927838596
89.3999994277954
0.7661764761980843
3.5999999046325684
3.5313135251286814
50.67882280351466
135.7875037403613
73.73737373737373
219.3373204770944
0.8076923076923077
0.530036075036075
0.5079027985458706

AFF
41.40076393999011
79.10249704186356
0.622807036366379
3.5999999046325684
3.3861794060784502
44.78694334606857
137.6071888020865
75.88424437299035
215.2568304814327
0.8475
0.49658730158730163
0.4045856936722118

AFF
43.700259107561656
80.84434250061021
0.8746031882270934
4.400000095367432
3.552759900844695
47.25301900840632
146.07247565578012
74.03508771929825
200.57686313277154
0.7652027027027027
0.46984126984126984
0.4947553374010367

ANF
39.410627090196684
81.17863403655704
1.9974359426742945
3.5999999046325684
4.2001207314368445
43.61074782163353
130.34495655976622
45.94594594594595
176.97420539028926
0.703125
1.0
0.37611126502517284

ANF
32.88676001497865
53.34009650769623
2.3025641441345215
3.5999999046325684
4.40471898791041
37.291479002889076
198.23109712406924
28.915662650602407
191.09283813299456
0.7404661016949152
1.0
0.43985107021146713

ANF
33.618215813687975
59.94502418009764
2.3433333933353424
4.5
4.489021688938086
38.10723750262608
224.74818632921418
32.11009174311927
249.82017051059526
0.7525337837837838
1.0
0.2905455093755686

ANF
36.46342369100931
60.162167474620695
2.2607843759013155
4.699999809265137
4.27809337150594
40.741517062515264
182.4437125217843
36.08247422680412
188.0725894937921
0.7167338709677419
0.9933333333333334
0.39829669783099947

ANF
33.25283488691743
56.215083900110336
2.3062500432133675
4.400000095367432
4.410512883840247
37.66334777075765
209.1423832856308
40.0
222.10526992573114
0.7336956521739131
1.0
0.29151706132185157

ANF













ANF













ANF
31.055985588245072
51.8887873490244
2.4368421403985274
4.699999809265137
4.4527625981315975
35.5087481863767
263.44544749047947
30.8411214953271
223.71036467250377
0.6815878378378378
1.0
0.3839604004450932

ANF
32.41981165449906
54.157146803157524
2.5860465598660847
5.400000095367432
4.411348782976842
36.831160437475894
213.71840660040644
30.434782608695656
192.68765335297442
0.6884765625
1.0
0.36516710179191597

ANF
35.410990324758906
57.883223823063666
2.2166667042825465
5.699999809265137
4.532203699587605
39.94319402434653
272.80627912717887
44.0251572327044
306.59852786222353
0.7584269662921348
0.9925925925925926
0.34555466871498036

ANF
33.782544602527125
56.77939601831695
2.057777825991313
3.5999999046325684
4.2039598918822145
37.98650449440936
202.18582166896502
31.958762886597935
185.69695877211416
0.6732954545454546
1.0
0.3403281679982811

ANF













ANF
30.854003382438798
50.35748465988337
2.244262322050626
5.699999809265137
4.404729444653942
35.25873282709275
270.01079923682335
23.762376237623762
234.67960065228695
0.7061688311688312
1.0
0.4431048436552135

ANF
32.6933379980699
54.04229800149923
2.4984375331550837
5.400000095367432
4.566449836011815
37.25978783408174
261.7400133268217
31.25
263.93582373606426
0.7548701298701299
1.0
0.3314510955437173

ANF
40.264078882706
89.33302384768638
2.4848485137477065
5.400000095367432
4.583292442226494
44.8473713249325
168.32231609089155
41.40625
206.04853618214887
0.6075
0.9925925925925926
0.2717759389574903

ANF
39.88038106733763
78.8835736528254
2.32676060067516
5.699999809265137
4.4239367932144456
44.3043178605521
191.35691883866707
43.35664335664335
215.85118351677494
0.6064814814814815
0.9851851851851853
0.36858195067838123

ANF
39.58017350507269
102.6986710049358
2.4816901700597414
5.699999809265137
4.605848234123128
44.18602173919582
158.34658793477556
39.849624060150376
245.93188780807492
0.67734375
0.9856060606060607
0.3742642153146434

ANF
43.24160827770287
90.59746852874252
2.3175824605501614
5.699999809265137
4.563232093003135
47.804840370706
194.93826831710842
44.785276073619634
281.16873091883804
0.6854166666666667
0.9863636363636363
0.3781216242292806

ANF
36.59297281661989
66.52436097207885
2.189583368599415
4.5
4.2980310115227125
40.89100382814258
182.78869886492993
35.13513513513514
214.47337142004295
0.703125
0.9925925925925926
0.42253020956961096

ANF
39.44470456884482
75.09999904632568
2.3654321341050997
5.699999809265137
4.466844320807726
43.91154888965259
194.69577228767653
41.66666666666667
216.67682139588527
0.640422077922078
0.9805555555555556
0.40258898662069564

ANF
33.02148658504957
58.82731867564519
2.341025676482763
5.699999809265137
4.357825989618328
37.37931257466789
172.72863145118032
36.26373626373626
165.24560203581115
0.6627155172413793
1.0
0.35100071162843727

ANF













ANF













ANF













ANF
33.62322059086396
70.88245103416547
2.3830508717288406
4.400000095367432
4.469890354837709
38.093110945701675
207.27423123380072
34.710743801652896
232.3584856732146
0.6621835443037974
1.0
0.4026976904006229

ANF
32.7390723376737
54.29999961853028
2.201785758137703
4.400000095367432
4.338630805333718
37.07770314300744
233.05666857469944
46.42857142857143
227.64969363562318
0.7025
1.0
0.4171992539129352

ANF













ANF
33.859040465161
61.700002002716076
2.0136364129456608
4.400000095367432
4.22218712964857
38.08122759480958
177.18102757606377
37.254901960784316
186.23174414722743
0.69140625
0.9904761904761905
0.41970171105476806

ANF
43.11502933133675
76.98643376847812
2.715277792678939
5.699999809265137
4.7529816045402855
47.86801093587706
219.22832215264864
52.84090909090909
284.41272251112673
0.7341867469879518
0.98
0.39576955545822096

ANF
36.311163118064506
60.79999914467336
2.416129058407199
5.699999809265137
4.434054160729787
40.74521727879433
249.33967403792036
45.51282051282051
274.254522906414
0.7411764705882353
0.9933333333333334
0.2981232437803486

LBG













LBG
38.399821917048826
60.4446489353435
0.4595238197417486
3.3000001907348633
3.2540155923972316
41.653837509446056
141.1136436667474
56.4625850340136
158.64914653669157
0.76171875
0.5616666666666669
0.2921797496698804

LBG













LBG













LBG
42.435038676944686
77.68982324987017
0.6542373067241604
5.400000095367432
3.493482157716516
45.9285208346612
144.62526162201408
59.895833333333336
208.55086597803034
0.786525974025974
0.43896825396825395
0.2724530752510798

LBG
34.69761346518416
69.034917476304
0.9543478359346804
4.699999809265137
3.5082530209822433
38.205866486166414
131.7034396765024
51.14503816793893
158.88463653733479
0.7177734375
0.5263492063492063
0.39095936912363766

LBG
32.195980088830346
62.59034360838106
0.46666668079517504
4.400000095367432
3.3870497865822795
35.58302987541261
162.34234354558413
44.09448818897638
175.16689546815368
0.7341549295774648
0.5252380952380953
0.3085754736376109

LBG













LBG













LBG













LBG
44.60327641177114
71.6875832892105
0.3016129155312815
3.3000001907348633
3.2507515402750515
47.854027952046216
157.2682048275682
64.28571428571429
220.11011555639166
0.84375
0.49468253968253967
0.2645635703478536

LBG
40.440430231732236
59.3802483544035
0.8671052973521384
3.3000001907348633
3.4882047938282588
43.92863502556049
193.77391566097978
65.65217391304347
218.1756892127981
0.7974683544303798
0.5211904761904763
0.29129926281976437

LBG
37.35879466614227
63.24842010020265
0.5830769318800706
3.5999999046325684
3.438788651495093
40.797583317637354
162.5649262573115
62.82722513089005
204.12061494631092
0.8397887323943662
0.40920634920634924
0.29263083775017423

LBG
37.17797436931287
65.0
0.7658536754003386
4.400000095367432
3.5077387256301056
40.68571309494297
143.47287522008224
58.490566037735846
182.05269804221143
0.7869318181818182
0.5164285714285713
0.22003303662068688

LBG
40.89577475178427
70.89974037135525
0.459677436659413
5.400000095367432
3.3594099446355177
44.255184696419796
156.21921049780147
60.204081632653065
202.3028941100503
0.7908653846153846
0.5013605442176872
0.27710569481251657

LBG
36.654790008741436
61.76560247319112
0.6625000113621354
3.4000000953674316
3.3752524822599193
40.03004249100134
141.12538873351872
54.347826086956516
160.86900328627476
0.7738095238095238
0.597936507936508
0.38909211317339154

LBG
35.0001240701914
67.69164273923317
0.5831325556858477
4.400000095367432
3.407768281453354
38.40789235164475
182.0510749533654
48.214285714285715
233.00456018875585
0.7866379310344828
0.43611832611832607
0.25340930129915573

LBG













LBG













LBG
41.00690595773957
75.50000057220458
0.5423728732739465
4.699999809265137
3.4321455998603434
44.43905155759992
136.59588442526007
64.8780487804878
188.0287685485459
0.7786458333333334
0.543915343915344
0.32233735681084347

LBG













LBG













LBG
38.78781972224132
73.7000008583069
0.3060606158140934
3.4000000953674316
3.2597950507917934
42.0476147730331
146.0040275239268
61.904761904761905
207.99585492088366
0.80390625
0.4483068783068783
0.31742123185970145

LBG













LBG
35.774566881621816
52.40000066757203
0.3276595764971794
3.4000000953674316
3.2662597936076128
39.04082667522945
170.52949854210829
62.295081967213115
174.172953617691
0.782608695652174
0.5174603174603173
0.37140058945359017

LBG













LBG













LBG













LBG













LBG
36.488768042655394
59.99811046358564
0.4163934598203565
4.400000095367432
3.339949111629064
39.828717154284455
177.66415306719512
60.40609137055838
197.37752878787532
0.7596153846153846
0.40090909090909094
0.4276346492948638

LFF
22.755392060389603
39.582485439520916
0.12031250260770321
2.200000047683716
3.095037647801257
25.85042970819087
300.2630601549501
24.545454545454547
175.93456620948777
0.6867469879518072
0.3074603174603175
0.20966341847886474

LFF













LFF













LFF
24.858000559453764
43.04863975065607
0.0793103472939853
1.2000000476837158
3.067605633802817
27.92560619325658
220.58537613040653
14.457831325301203
131.5125
0.6047535211267606
0.29420634920634925
0.22213245354644157

LFF













LFF













LFF
27.075022833023638
40.11140042747818
0.010000000149011612
0.10000000149011612
3.0036944680824575
30.078717301106096
246.24001750125632
8.974358974358974
131.82174588701866
0.6179577464788732
0.2744444444444445
0.23173466064728873

LFF
23.605900717907225
40.25646211409327
0.03176470653099172
1.100000023841858
3.037685551360706
26.643586269267935
262.8324539239797
10.227272727272728
166.51715176011692
0.6930379746835443
0.2430952380952381
0.17262785632315314

LFF
22.565249704998365
39.309349068654384
0.15714286054883683
1.100000023841858
3.070261927011735
25.63551163201009
270.85806420129336
10.714285714285714
153.45817532912795
0.665
0.26182539682539685
0.1843643643095886

LFF













LFF
25.884868775461825
41.60167619818918
0.20724638130353845
2.200000047683716
3.1114285714285708
28.99629734689039
251.94522035522715
21.428571428571427
152.31375000000003
0.6331168831168831
0.29392015392015397
0.31552587881957866

LFF













LFF













LFF













LFF













LFF













LFF
18.855911877523337
41.5043536553442
0.042307693224686846
1.100000023841858
3.035696735009245
21.891608612532576
223.47605631046497
16.867469879518072
140.6405776167109
0.6711956521739131
0.25702947845804996
0.19737370727155895

LFF













LFF













LFF
25.92854591163658
52.677014911246204
0.1650000035762787
2.200000047683716
3.105157506632464
29.033703418269038
189.06760392222512
16.666666666666664
144.9263323110572
0.62
0.24896825396825398
0.14460558140808977

LFF
21.09368589994274
40.03418712054218
0.11785714541162763
1.100000023841858
3.0671584030125163
24.160844302955244
273.25597602302
12.5
153.88799225720422
0.6477272727272727
0.2423809523809524
0.19235695849492326

LFF













LFF













LFF













LFF













LFF
20.655857525952456
39.98087709951344
0.26478873812396764
2.200000047683716
3.115959980040801
23.771817505993255
278.0466306504837
22.857142857142858
161.4719609843484
0.6365740740740741
0.3364646464646465
0.2888190443287018

LFF
27.524159366701543
57.8942976955923
0.2648148205545213
2.200000047683716
3.1737839316633885
30.697943298364937
161.55224836133982
26.881720430107524
138.4160714545321
0.6314338235294118
0.40333333333333327
0.35466107726162216

LFF













LFF
26.30152032041598
43.320902852987395
0.14259259568320382
2.200000047683716
3.1137558363564466
29.41527615677243
223.56045314884128
22.68041237113402
150.28752025165244
0.64
0.33735449735449735
0.17244361968088157

LFF













RAN













RAN













RAN













RAN
38.74687398440891
65.30626845679906
2.644736879750302
5.699999809265137
4.547605186815245
43.29447917122417
156.46759056377405
28.57142857142857
119.19345130885947
0.4738636363636364
0.9285714285714286
0.24146919312542792

RAN
31.076790362709477
68.51642628745749
2.1415094654515103
4.699999809265137
4.401158969798956
35.47794933250844
190.1425769912657
18.181818181818183
194.2474546793981
0.609375
0.8758730158730159
0.35695156425634783

RAN













RAN













RAN
33.38793353286619
64.89772714243301
2.195744740202072
5.400000095367432
4.293897260370763
37.68183079323696
186.87468092695644
29.591836734693878
186.48708569271093
0.625
0.8277210884353742
0.28074632066698874

RAN













RAN













RAN
33.498207785697076
103.28991547061128
1.8886363966898485
5.400000095367432
4.13238893660755
37.63059672230463
113.0205199615302
36.89320388349515
152.8087124945944
0.5711538461538461
0.8377777777777777
0.2662250958605386

RAN













RAN













RAN













RAN













RAN













RAN













RAN













RAN













RAN
41.968941325095464
175.3891734133882
2.110344858904337
4.5
4.305814867229216
46.274756192324695
78.66059045338014
47.32824427480916
185.48709916129184
0.6195652173913043
0.8611111111111112
0.27363964450675865

RAN
33.77049481060416
100.27508374909729
2.3294118011699005
5.699999809265137
4.503794989515536
38.27428980011971
143.2817376757686
28.28282828282828
187.48193883640903
0.5757042253521126
0.88
0.29799850449558074

RAN













RAN













RAN













RAN
30.65817368417767
54.79507909591335
2.330232594768668
5.699999809265137
4.4414677763108426
35.099641460488506
226.62963212179713
19.047619047619047
161.6411536284855
0.5321691176470589
0.8292857142857143
0.22612931273398543

RAN













RAN













RAN













RAN













RAN













TBF













TBF













TBF
27.578228261530963
46.24233876743569
1.0791044980287552
2.5
3.6150037563510766
31.193232017882057
277.9426790775983
6.451612903225806
180.56682092065938
0.5732758620689655
0.8163492063492064
0.40138866228977066

TBF













TBF













TBF
27.21936442008094
54.00000133514405
1.1310345017961387
2.299999952316284
3.669215781363352
30.888580201444306
203.0782960837534
29.523809523809526
171.03852752883319
0.6283783783783784
0.8612698412698413
0.40051500336897505

TBF













TBF













TBF
24.895374245901696
47.091623298849726
1.00781251990702
2.200000047683716
3.5815466558154725
28.47692090171716
245.2896793635573
11.956521739130435
160.54878516309776
0.5532407407407407
0.793968253968254
0.3751903423686471

TBF
25.88242383090372
39.98224127454829
1.023437520256266
2.0999999046325684
3.5807652183483056
29.46318904925203
288.85841940517383
6.097560975609756
163.169877871172
0.5892857142857143
0.7784656084656085
0.4130874052363622

TBF













TBF













TBF
27.879020874916804
41.38166291583244
1.0450980571262978
2.299999952316284
3.577661703338281
31.4566825782551
254.07139496422514
4.0
145.86695646973217
0.5651041666666666
0.8144444444444445
0.4250036771827274

TBF
26.316283694768664
45.889961940067906
1.0090909296429003
2.0999999046325684
3.581887988985834
29.898171683754537
263.0036613332012
21.428571428571427
211.17351721992415
0.6669034090909091
0.8272486772486772
0.550299759804327

TBF













TBF
27.005998911498715
42.31926420613539
1.0842105446285324
2.5
3.595272527646069
30.601271439144803
190.83251945810102
0.0
75.42463784918472
0.375
0.8653968253968253
0.1756193682989391

TBF













TBF













TBF













TBF













TBF
31.147529954472237
51.206027523880664
1.0785714487678237
2.5
3.6029993310415525
34.75052928551381
233.87542136754334
7.142857142857142
140.0331041476768
0.4951923076923077
0.6998412698412698
0.37502521073557255

TBF













TBF













TBF
27.644996463832406
65.36974601616625
1.0323077144531103
2.200000047683716
3.665174147345139
31.310170611177522
182.76007721883244
28.82882882882883
168.7331173860302
0.5838607594936709
0.8622448979591836
0.35289578497460494

TBF













TBF
27.176886955211543
44.599999332427984
1.0181818360632116
2.299999952316284
3.6372386734630564
30.81412562867461
218.93305839731377
21.59090909090909
142.54949886583432
0.5625
0.8843915343915344
0.36121447557790104

TBF
27.823315079352778
46.85676644120416
1.071929844325049
2.5
3.6116849931870383
31.4350000725398
239.63319648157457
1.2987012987012987
151.01088996105085
0.5501644736842105
0.7886337868480727
0.4269119416000047

TBF
28.390601441832917
44.374631135930706
1.054545470936732
2.0999999046325684
3.5768102789141065
31.967411720747048
230.54097780448706
1.4285714285714286
110.26953071865074
0.4429347826086957
0.825079365079365
0.32078489856074166

TBF
24.24127798473175
44.38564292070158
1.031818197701465
2.0999999046325684
3.566649385514888
27.807927370246624
214.9487056984067
1.4925373134328357
109.66829985251815
0.4659090909090909
0.7882539682539683
0.37519742295775027

TBF













