AFF
44.940551729822744
78.43981844530886
0.9520000267028809
3.5999999046325684
3.6525886913307666
48.59314042115354
143.61248162371425
70.33898305084746
207.22553622512817
0.8196428571428571
0.5963492063492063
0.3973452384120185

AFF
37.13412753604909
59.869298441814905
0.5000000151720914
3.3000001907348633
3.3337672303203267
40.467894766369426
156.0706901819137
70.45454545454545
183.63258287923546
0.8538461538461538
0.5973881673881674
0.40798407420629373

AFF
43.248838367418486
86.36134366716945
0.5500000189332401
4.400000095367432
3.4395836853324853
46.688422052750965
137.23215689449776
72.72727272727273
221.059205145477
0.8173076923076923
0.43095238095238103
0.3118033933499715

AFF
42.1196731931524
81.04707434535612
1.1933333535989126
3.5999999046325684
3.7839117200771426
45.90358491322951
160.79945433734696
72.40143369175627
241.10109187027382
0.8303571428571429
0.5775396825396826
0.37650147284379665

AFF
42.90879073960901
82.1903844659304
1.0109375212341547
3.5999999046325684
3.713574941164208
46.622365680773214
147.56996439961313
72.72727272727273
239.53900474618436
0.8341346153846154
0.5813492063492063
0.4605012454800366

AFF
43.95375787147297
89.3999994277954
0.694915272421756
3.5999999046325684
3.490079575268343
47.44383744674134
132.53499040405302
72.79151943462897
224.37995502252798
0.8400974025974026
0.4658730158730158
0.40346311842381644

AFF
44.71242290877034
72.6999942779541
0.634782618370609
3.5999999046325684
3.4317902000788836
48.14421310884922
160.53255669883168
76.20481927710844
225.71919578482292
0.8283227848101266
0.4823809523809524
0.41712362725626984

AFF
40.916757366959985
67.20000076293945
0.9200000252042498
3.5999999046325684
3.6523228539204946
44.56908022088048
127.76706081950366
69.31216931216932
165.34218919414442
0.7855603448275862
0.6422222222222221
0.36814239244548236

AFF
47.303748720315994
91.06570072933917
0.6971831153815901
4.400000095367432
3.5134886678332506
50.817237388149245
133.37722935567467
74.01315789473685
232.82400446140022
0.8401898734177216
0.5166666666666667
0.3917302470976194

AFF
44.46295953468496
88.26421407483224
0.9833333668885408
3.5999999046325684
3.6796668092933036
48.142626343978264
121.91564039366823
70.3862660944206
209.30932020219427
0.8342391304347826
0.5791269841269842
0.4820150248912219

AFF
47.7259106530738
83.2640874540643
0.9057692507138619
4.5
3.736952818237069
51.46286347131085
189.7344196113787
79.20997920997921
314.4479840715495
0.845625
0.4803174603174603
0.41241042255448257

AFF
39.79392378397271
65.7066997634897
1.0289473847339028
3.5999999046325684
3.6329195586766185
43.42684334264934
151.57490829279936
67.51269035532995
184.28564559085618
0.7939453125
0.6979365079365079
0.38932831277266483

AFF
38.25065555739914
71.50874751956924
0.52352942906174
3.5999999046325684
3.426786009455546
41.67744156685468
132.7948099194399
68.72037914691943
187.05461968469444
0.8295454545454546
0.4653439153439153
0.5012148801592713

AFF
43.678726552245344
80.29356468576088
0.4573529502924751
3.5999999046325684
3.409546969394836
47.0882735216402
147.58544924955183
77.9291553133515
234.45894186288447
0.8541666666666666
0.45746031746031746
0.4398036994270168

AFF
45.29563284454268
82.07507710894389
0.7750000258286794
3.5999999046325684
3.608244859134314
48.90387770367699
139.38741586002783
73.7410071942446
219.29876787446523
0.8321917808219178
0.5534920634920634
0.37548925594541244

AFF
48.623700761100814
86.95353649235932
0.9524590304640473
4.400000095367432
3.6865972251478376
52.31029798624867
143.89438275356963
74.52229299363057
233.40514643450263
0.79921875
0.5396296296296297
0.418817199103383

AFF
52.89239014202781
103.79999303817748
1.0643678492513196
4.699999809265137
3.683890010457174
56.57628015248499
146.1436919987658
78.08219178082192
292.9771176676459
0.83203125
0.5092694342694342
0.4257845220991883

AFF
47.037977612216004
90.16104988109777
0.9671875312924385
4.400000095367432
3.672398368936363
50.71037598115237
149.6763575500194
74.36708860759494
237.34579451806488
0.7986111111111112
0.5192328042328042
0.46483308287026737

AFF
48.479976161402135
80.14542203607225
1.038805993635263
4.400000095367432
3.718581193571121
52.19855735497325
141.26644912657773
76.39344262295083
211.30823585365906
0.7890625
0.5219047619047619
0.23566335174471933

AFF
42.80610531214864
73.50000057220458
0.8386363766410134
3.5999999046325684
3.603655900783699
46.40976121293231
128.51164756210974
73.30508474576271
182.53143520111806
0.8065476190476191
0.6044973544973544
0.3287624914528411

AFF
57.85881404651093
108.79999971389768
0.720833346247673
4.5
3.562141718872473
61.420955765383404
102.6077662758973
78.78787878787878
207.89412053922163
0.8410714285714286
0.6116666666666668
0.29902810045263933

AFF
46.50652647767804
84.70371167826428
1.0321428839649474
4.400000095367432
3.5679629626025213
50.074489440280544
137.86775467496807
72.5925925925926
216.09693977212348
0.8184121621621622
0.575952380952381
0.4609367018503378

AFF
44.048759184745144
86.31338484103958
1.0625000099341075
4.400000095367432
3.7518731958452927
47.80063238059045
130.52972197792286
70.53941908713693
215.11597650499746
0.8028169014084507
0.5968253968253968
0.4574107878091735

AFF
43.43114720913328
71.30000028610229
0.7803030411402384
3.5999999046325684
3.637327744748263
47.06847495388155
173.63643908891888
73.28767123287672
238.48178965219523
0.8389423076923077
0.537037037037037
0.5086174222299272

AFF
40.39915926308121
80.94232806163396
0.6481481547708865
3.5999999046325684
3.5617119530690977
43.9608712161503
132.68195136145397
70.96774193548387
213.35950020428396
0.8333333333333334
0.5214285714285714
0.524749808102335

AFF
43.06209423520378
80.24078000625717
0.9426666911443075
3.5999999046325684
3.6768213512703074
46.738915586474086
170.29596037135428
73.68421052631578
261.82426670211146
0.8404411764705882
0.5333597883597884
0.515244810341879

AFF
58.385359775443845
96.93956433409575
0.7161764905733221
3.5999999046325684
3.4921847585828156
61.87754453402663
128.53040245661387
79.44162436548223
240.84531184727032
0.8495370370370371
0.5857142857142856
0.2279965375445122

AFF
51.885018459341495
92.86574304200249
0.651219524988314
3.5999999046325684
3.487399410364399
55.37241786970588
104.57388450924451
74.80314960629921
180.72646624947967
0.814453125
0.6284920634920634
0.364038243355479

AFF
46.68926036458858
84.0650023946772
0.646391769045407
3.3000001907348633
3.4652312147799984
50.154491579368596
172.9369076313162
78.74720357941834
277.5575711696308
0.8427631578947369
0.46854497354497354
0.28702706023191477

AFF
46.44982906348557
94.69999303817748
0.6854545571587303
4.400000095367432
3.5387259378136195
49.98855500129918
124.70620990363375
76.43504531722054
228.1550517167499
0.8269230769230769
0.503174603174603
0.3108803987064403

ANF
34.16365895083179
52.296592403761075
2.2387097208730635
4.5
4.477359762628406
38.64101871346021
252.45003615200116
24.742268041237114
233.79118482477202
0.7191780821917808
1.0
0.4230094569173476

ANF
33.71209065607959
56.58721367618143
2.383783818902196
5.699999809265137
4.444536789872865
38.15662744595245
228.07363250444976
28.155339805825243
234.09185895655216
0.7221283783783784
1.0
0.3625265463616463

ANF
33.47995574252015
54.93513660540309
2.2901639703844414
4.699999809265137
4.360409244154063
37.840364986674196
217.51539810287883
19.27710843373494
195.1988099993272
0.6716417910447762
1.0
0.4030323164892941

ANF
33.2858080856915
52.88407901969886
2.5830986382256094
5.400000095367432
4.635974917002891
37.921783002694426
271.54054287347094
17.894736842105264
239.56848196694278
0.6658653846153846
1.0
0.4661152266668389

ANF
31.50188287840759
52.522358427039805
2.0650000363588332
4.400000095367432
4.167098135547862
35.66898101395545
222.98042228806707
23.595505617977526
220.73593651098446
0.7803308823529411
1.0
0.3719144503060112

ANF
31.347979323060155
52.044606822631536
2.19215690388399
3.5999999046325684
4.396388300959062
35.744367624019226
210.90189176309232
21.951219512195124
192.59654238020113
0.6826171875
1.0
0.39075538968401324

ANF
34.3897011281943
60.87586198689012
2.4610169802681874
5.200000286102295
4.51550998618343
38.90521111437775
224.30319695882378
35.294117647058826
272.39475167828243
0.786525974025974
1.0
0.37624046075799134

ANF
32.22148586355292
60.01536292904556
2.3625000402331353
5.699999809265137
4.534795172919703
36.75628103647263
219.46092106339162
21.649484536082475
237.61533452089122
0.703125
1.0
0.3708328986647793

ANF
32.864605308485224
52.10000076293946
2.430769261947045
5.699999809265137
4.516196735076016
37.38080204356129
263.8888844267603
26.168224299065418
256.30947589414757
0.7310126582278481
1.0
0.49702143065508114

ANF
34.58563925943656
58.66820691297344
2.121739177600197
4.5
4.196652148648117
38.78229140808469
193.1375743116188
25.0
201.39663002272
0.7329545454545454
1.0
0.3924525075033667

ANF
30.284784356369492
50.22276568419666
2.4380952725334772
4.5
4.542648382798604
34.8274327391681
252.83576757763188
24.242424242424242
254.9815438722898
0.7525
1.0
0.4281537959036213

ANF
37.28469599887144
57.566170930775215
2.213432873918939
4.5
4.3919882814310665
41.676684280302496
230.36023871719058
29.906542056074763
227.453580944151
0.6925
1.0
0.39645290489254476

ANF
32.38840578469442
54.462955365115505
2.1060000443458557
4.5
4.217896309810604
36.606302094505054
206.28969358582626
20.73170731707317
185.10797367720275
0.6807692307692308
1.0
0.4176590145764359

ANF
28.605225402270953
44.90982857355639
2.4141414560603374
5.699999809265137
4.506550014132483
33.111775416403454
303.05958722484564
22.429906542056074
261.3683241134502
0.7161144578313253
1.0
0.4206839420035994

ANF
35.865990541353185
59.31247959594125
2.3870968142103766
5.699999809265137
4.485473717137753
40.35146425849094
212.41012442531544
28.57142857142857
229.10264071970957
0.7392857142857143
1.0
0.40875404604629034

ANF
30.965543670115565
53.67246607913212
2.434848525307395
6.200000286102295
4.575956002292812
35.541499672408385
265.6221930789908
33.04347826086956
241.63022750310344
0.7037337662337663
1.0
0.3957082325121164

ANF
32.798460952834475
52.74981565567242
2.295121983784001
4.400000095367432
4.3074479041470655
37.10590885698153
197.75696854913954
35.64356435643564
205.42358529980294
0.7442307692307693
1.0
0.3456833161478001

ANF
33.855937687378976
57.252797978648175
2.3073529776404884
5.699999809265137
4.468349851454764
38.32428753883372
240.85483363636433
27.027027027027028
264.4457029266869
0.7361111111111112
1.0
0.42019627695101597

ANF
36.49705461540303
61.71222000759159
2.3831460861844964
5.699999809265137
4.598957646184033
41.09601226158709
259.1722672626831
36.95652173913043
276.716023778324
0.7025862068965517
0.9916666666666667
0.3580031633361712

ANF
36.491459761178916
58.99110669183253
2.370833362142245
5.699999809265137
4.366494679831699
40.85795444101062
198.73724084734508
26.31578947368421
220.1679744589861
0.7205357142857143
1.0
0.3439482136428046

ANF
30.24672039003601
59.611923136863055
2.1533333831363253
3.5999999046325684
4.205433826445776
34.452154216481816
175.43590419098567
20.77922077922078
192.59040099938824
0.75
1.0
0.46810887895937037

ANF
31.755717499151352
49.545030135473255
2.2660377677881494
4.5
4.421562281102868
36.177279780254224
263.98765204559226
27.61904761904762
242.29467556491704
0.7327302631578947
1.0
0.42296259214340237

ANF
33.85953589081917
52.432624000672725
2.3136364001442087
5.400000095367432
4.459510976981054
38.319046867800225
239.05616445299353
33.33333333333333
242.1739637216794
0.737331081081081
1.0
0.4391984515083236

ANF
31.93910395631141
51.508310870516745
2.506896573536355
5.699999809265137
4.507297917720415
36.44640187403184
252.85349129109377
18.478260869565215
237.04476091481797
0.7075
1.0
0.42807618836066413

ANF
30.9662859576353
55.763060589488866
2.2838235707844006
4.5
4.409043864702865
35.37532982233818
233.70219211694783
21.052631578947366
224.27531765150394
0.695
1.0
0.41001406060711937

ANF
30.302071394520553
52.06226528351377
2.52686570584774
5.400000095367432
4.65331066421746
34.955382058738024
262.2460463108131
27.102803738317753
252.27472273478696
0.7067307692307693
1.0
0.37954840293425696

ANF
31.41892690909891
53.34239624480905
2.3230769359148464
4.5
4.467850727448205
35.88677763654715
242.68121926495846
20.212765957446805
241.33728652506804
0.73
1.0
0.4338897549369045

ANF
30.25899863711624
59.104699992436814
2.123076976262606
4.699999809265137
4.320627601836674
34.57962623895294
229.92155993382008
21.428571428571427
239.95323835256255
0.7256493506493507
1.0
0.3961935512736203

ANF
30.14113555378627
46.51576558177218
2.2681818441911177
5.400000095367432
4.274398519462115
34.4155340732484
252.33534647747953
22.47191011235955
209.03227952244882
0.720108695652174
1.0
0.4860453027079604

ANF
32.22808891613638
50.8177829081222
2.3561644080567032
4.5
4.577089549922195
36.80517846605858
287.9751492205653
27.192982456140353
265.4039406374803
0.7048192771084337
1.0
0.35533225631703236

LBG
35.70937551560109
75.70000038146972
0.348051955173542
4.400000095367432
3.3230943239088284
39.03246983950992
165.6660809991982
61.440677966101696
247.52913801659935
0.8179945054945055
0.40759259259259256
0.3750176104060345

LBG
33.997422873201465
67.20000076293945
0.39531252160668373
3.3000001907348633
3.309592344789596
37.30701521799107
144.02029276614948
50.3448275862069
195.6823235596671
0.8229166666666666
0.49341269841269836
0.4157489959387442

LBG
36.831482921087726
63.90000095367432
0.5309859312755961
3.3000001907348633
3.401137467918539
40.23262038900626
171.3081732236341
52.38095238095239
232.43185920984317
0.8484375
0.4722222222222222
0.34985080310645494

LBG
40.68930643795426
65.08601383254522
0.761290350267964
4.399999618530273
3.6157014514435315
44.30500788939778
228.25707339516237
56.62100456621004
270.4759360860724
0.7855263157894737
0.4415873015873017
0.35982250720252673

LBG
35.22613363731571
65.43713503175988
0.4232142908232553
4.699999809265137
3.3435866146065547
38.569720251922256
168.15986679391239
49.06832298136646
213.13729703377697
0.7797256097560976
0.44928571428571434
0.38784070478713767

LBG
35.9054847252742
60.57623006737981
0.19642857781478337
3.3000001907348633
3.1587403510966587
39.06422507637087
154.40511105200662
59.53757225433526
179.93700356914277
0.8142857142857143
0.37206349206349204
0.29428868008343134

LBG
35.15121265698289
57.220460149345456
0.5121951306738505
4.400000095367432
3.3799406841546875
38.5311533411376
156.09860257111512
48.837209302325576
165.5145208462148
0.7443181818181818
0.49444444444444435
0.4144518644305781

LBG
33.052305456261706
54.5838056192339
0.5176470793929755
4.400000095367432
3.3938898232306633
36.44619527949237
179.40770717941749
49.64028776978417
185.99152829437355
0.7955357142857142
0.4472222222222222
0.4853134217869411

LBG
35.11159942491723
60.23282298445202
0.7310811055673135
5.400000095367432
3.6294333714460443
38.74103279636331
205.08894045855516
59.04761904761905
252.5271192311376
0.8066860465116279
0.48762626262626263
0.3407033797078886

LBG
38.051423018284446
60.20201955595
0.4764705966500675
3.3000001907348633
3.3717575278880836
41.423180546172546
171.3375511148667
53.16455696202531
200.65317849723587
0.8032094594594594
0.5187301587301588
0.3314646679960108

LBG
33.77932464496772
57.015389956090054
0.5446808541074712
4.400000095367432
3.3722272003720937
37.15155184533982
151.70020513604118
53.14685314685315
168.26914947600625
0.75
0.5462962962962963
0.2712594251199622

LBG
29.347274018510568
46.46294896731675
0.3000000086697665
3.3000001907348633
3.1830584474720145
32.53033246598256
172.6002661666428
51.587301587301596
155.15865421714008
0.7961065573770492
0.424582560296846
0.41578123989779114

LBG
38.06899146628622
62.55448920655584
1.1166666597127914
4.699999809265137
3.613033068418037
41.682024534704276
155.78446311387185
54.794520547945204
188.2780520795371
0.7727272727272727
0.5566666666666668
0.3648624918041108

LBG
33.723171269799835
55.90432985301068
0.5296296455242016
4.400000095367432
3.40163133760901
37.12480260740884
180.96331748152193
66.51162790697674
198.65182231911413
0.8072916666666666
0.46095959595959596
0.23178861996066405

LBG
32.45232132270152
58.941901518853946
0.7192982769849008
4.400000095367432
3.503449952794934
35.95577127549645
162.15367149597017
48.888888888888886
196.98040232780733
0.8288043478260869
0.5161904761904762
0.35101514893336183

LBG
34.25647572502846
62.11573093761755
0.41090910001234576
3.5999999046325684
3.2951114769535677
37.55158720198203
172.71133543728627
60.51282051282051
203.69694797115994
0.8035714285714286
0.47460317460317464
0.3191126285383576

LBG
37.037287031291164
69.2278284606248
0.43134329034321345
4.699999809265137
3.362621763249274
40.39990879454044
149.96227678886243
61.53846153846154
216.62723441979418
0.8625
0.45478835978835974
0.34924765625926296

LBG
31.135776566884115
52.09999980926514
0.44000001634870256
3.3000001907348633
3.3146536736521495
34.45043024053625
136.34703156763877
43.75
139.0268422286401
0.78125
0.5623809523809524
0.41557713966337184

LBG
37.133559920728466
68.98024195628632
0.6000000195069747
4.400000095367432
3.3977757282890297
40.531335649017464
143.2688202420155
51.369863013698634
187.2782525500894
0.7764084507042254
0.5022222222222222
0.3556019492241684

LBG
39.23982530951878
63.46529361139265
0.6875000248352686
4.300000190734863
3.5572406073714737
42.797065916890254
148.5860534593162
56.00000000000001
199.84562127851675
0.8551136363636364
0.5366780045351474
0.3548573999440814

LBG
32.65639876862413
70.88009642973495
0.5917808421670574
3.5999999046325684
3.53470028564119
36.19109905426529
146.28804910357795
43.30708661417323
220.9351698551293
0.8671875
0.5372222222222223
0.3094011803174332

LBG
39.81919371184866
57.97082508563103
0.6258064623801939
4.699999809265137
3.540473355017677
43.35966706686636
183.34952635417562
54.93827160493827
200.46883709179164
0.7679794520547946
0.535
0.2833996987072739

LBG
37.96196145012287
79.71662280491755
0.4925373365629965
3.3000001907348633
3.4335903092721405
41.395551759395
142.3555163488505
52.40963855421686
215.81403228046796
0.8069620253164557
0.4577513227513228
0.5110376904859272

LBG
38.273506455410434
65.80000019073486
0.6393939527598295
4.300000190734863
3.45520624947328
41.72871270488372
168.69492621424135
65.54621848739495
239.99450303140074
0.8551829268292683
0.4537284144427002
0.29800626323628265

LBG
38.8963662273633
70.39999971389771
0.6030303149512319
4.300000190734863
3.472005646688028
42.368371874051334
176.2347202646622
64.9789029535865
247.41767707635242
0.865210843373494
0.5062962962962964
0.33043881940004

LBG
35.70706099643557
61.29999589920045
0.3634615425880139
3.5999999046325684
3.2600901796310295
38.96715117606661
154.60021428046443
50.993377483443716
180.62125621190276
0.7525337837837838
0.4645238095238095
0.4083002662291206

LBG
30.582863937509064
55.39999952316285
0.3942307738157419
3.5999999046325684
3.301111237208063
33.883975174717136
171.61516922892545
52.25806451612903
194.12597688826776
0.8057432432432432
0.46701058201058204
0.3207972346864785

LBG
36.61612657083781
68.87289688500874
0.4025641129567073
3.3000001907348633
3.291937233396133
39.90806380423394
127.82381060213886
47.107438016528924
167.91748400376795
0.796875
0.5504761904761905
0.39248857740661725

LBG
36.94112966837675
68.20000123977661
1.4988235501682057
4.699999809265137
3.874236017984933
40.815365686361694
167.32788481587255
52.56410256410257
215.64435603772796
0.7449324324324325
0.5218903318903318
0.38918569293709077

LBG
37.972914653127596
71.68057556253281
0.6150000065565109
4.400000095367432
3.5077219072200494
41.48063656034763
176.83308865648533
54.59183673469388
247.64554663367315
0.8047752808988764
0.45042328042328045
0.44899805766232187

LFF
25.434390028257745
44.97277616776235
0.3343283542946203
3.0
3.2307159739556095
28.665106002213346
222.9692423994268
18.681318681318682
152.3934206931704
0.620777027027027
0.29134920634920636
0.31701592119199

LFF
21.335201224736387
39.31304944709538
0.0
0.0
2.999936888665766
24.335138113402152
246.98298841936696
5.405405405405405
119.24751499121453
0.5678571428571428
0.2644444444444445
0.1879630907007994

LFF
23.652800925716075
38.0614902100735
0.06470588375540341
2.200000047683716
3.0568940309087336
26.709694956624812
247.45987494286086
18.823529411764707
132.8930004824479
0.6277173913043478
0.2679365079365079
0.2046400083217542

LFF
21.98699617961153
42.65761951318857
0.061111112435658775
1.100000023841858
3.0384014573183773
25.0253976369299
214.9919218670691
8.108108108108109
129.65346450832544
0.6259191176470589
0.27404761904761904
0.23533584088409118

LFF
25.927313494227366
46.370035874004415
0.0800000017339533
2.200000047683716
3.0723286995724814
28.999642193799843
211.22607651781334
13.095238095238097
142.40249907539837
0.634417808219178
0.26849206349206345
0.24217686837166336

LFF
22.77981075886691
41.56509153852115
0.0064516129993623305
0.10000000149011612
3.0029606425824618
25.782771401449367
246.18284768036548
10.465116279069768
152.58955271110472
0.6599025974025974
0.2752380952380953
0.2326475768512277

LFF
20.4713479597076
38.0239952335074
0.028205128816457894
1.100000023841858
3.0207380337682035
23.49208599347579
223.55911762387498
6.153846153846154
101.39534108172245
0.5502049180327869
0.27571428571428575
0.16407576068185772

LFF
23.337888883925107
39.8782399894651
0.07432432593526067
2.200000047683716
3.0842213309805153
26.422110214905622
279.2593198354833
18.75
160.888391999883
0.6682692307692307
0.2813564213564214
0.24539716457209598

LFF
21.061153895231225
39.42657830277986
0.11428571674896747
2.200000047683716
3.0961408709101246
24.157294766141337
254.20759607476495
14.634146341463413
136.24776319096
0.6241071428571429
0.32296296296296295
0.21174023396156033

LFF
24.27510304215419
39.74151609831068
0.16842105056633028
3.1999998092651367
3.144170770285777
27.419273812439968
281.7034988774245
20.0
169.40065091861737
0.6703125
0.2906878306878307
0.2598602163788598

LFF
22.53714166337327
39.93439020717013
0.1698113297516445
2.3000001907348633
3.10781636421445
25.644958027587727
270.2020346924332
20.212765957446805
147.47458810882853
0.6325
0.2687830687830688
0.24463518872836892

LFF
28.26522192724647
44.914202403565454
0.043243242276681436
2.0999999046325684
3.0438520908478415
31.309074018094307
250.2188601571564
16.50485436893204
170.22211496492145
0.6497093023255814
0.23552910052910056
0.27867601630020195

LFF
17.94494059854549
36.125484691007536
0.02340425582642251
1.100000023841858
3.0191304347826087
20.964071033328104
264.86641121024604
9.210526315789473
121.68
0.5842391304347826
0.27148148148148155
0.22614894027769983

LFF
22.073569438346233
43.92395616455963
0.18979591982705252
3.0
3.1278512907130724
25.2014207290593
207.88742903809592
12.048192771084338
149.8573936249055
0.6549657534246576
0.3171428571428571
0.21659509332093888

LFF
24.11606764697113
39.68288423212256
0.17945205675412532
2.0999999046325684
3.095253554044083
27.211321201015224
267.12289073651533
8.641975308641975
149.45953612472334
0.6486486486486487
0.31460317460317455
0.25353584072485047

LFF
23.895221807150698
43.608710665861665
0.10862069088837197
3.0
3.103683364287391
26.998905171438075
204.69261959758893
18.181818181818183
152.5762992876119
0.6796875
0.3117460317460317
0.18333848973070604

LFF
24.65224653179783
39.680475283357026
0.042307693224686846
2.200000047683716
3.0398043919523334
27.69205092375016
230.45453517043083
14.473684210526317
118.93431576528097
0.6
0.32674603174603173
0.2409566916034428

LFF
18.96884229782229
39.97463558548317
0.02500000052774946
1.100000023841858
3.020990665297294
21.98983296311958
251.81451682953133
10.0
135.30612296302695
0.6223958333333334
0.2528571428571429
0.16920349815230123

LFF
24.90485562549928
39.42989413628894
0.06470588375540341
2.200000047683716
3.05520578998432
27.9600614154836
249.5554357498204
15.476190476190476
127.61905067449457
0.5836267605633803
0.2688888888888889
0.20474432775678694

LFF
21.6908690228703
41.272116309828675
0.12222222487131755
1.100000023841858
3.091154856206492
24.78202387907679
235.44535016368764
17.24137931034483
145.00206345439696
0.6484375
0.30053854875283453
0.2735386852225492

LFF
22.69496034358158
39.66095538188099
0.0
0.0
3.0
25.69496034358158
199.48225426211377
0.0
91.6875
0.5361842105263158
0.31269841269841275
0.17078279777258865

LFF
20.076896501778588
35.99243694841361
0.222972977805782
2.200000047683716
3.123083895769406
23.199980397547982
278.8548212389564
19.54022988505747
146.34106395669778
0.6642857142857143
0.3192063492063492
0.19834567010773177

LFF
22.6965598886026
43.57342022921553
0.17460317838759648
2.200000047683716
3.134629926745112
25.831189815347713
262.1419179841567
21.69811320754717
176.95768371447548
0.6799698795180723
0.2853439153439154
0.164874611737902

LFF
24.149082338087936
39.89529737388157
0.0
0.0
2.9999155436060585
27.148997881694005
302.81726300388976
8.421052631578947
171.55836691522143
0.6573275862068966
0.19738095238095238
0.22776959025086124

LFF
19.003466594800454
38.43415048238834
0.1100000023841858
1.100000023841858
3.0819843845086097
22.085450979309073
236.92089030293752
8.571428571428571
120.44643784230999
0.609375
0.3261904761904762
0.21219776845752802

LFF
21.019102943668887
36.693072456433946
0.15172414121956662
2.200000047683716
3.0873838015823467
24.106486745251235
288.31420515546125
10.714285714285714
141.10783883900712
0.6075
0.24460317460317463
0.21087908284627732

LFF
23.06049294681283
41.85801701777666
0.06875000149011612
1.100000023841858
3.051890735510397
26.112383682323212
242.03839596732033
12.643678160919542
149.08096490511576
0.6414473684210527
0.3000577200577201
0.2056944120128045

LFF
21.41062883954682
38.433849736381184
0.07586207060978331
1.100000023841858
3.0466516598273823
24.457280499374207
252.55891698285407
9.210526315789473
137.55260796833596
0.6521739130434783
0.276005291005291
0.18677023251934877

LFF
26.385889263297834
40.21651735522273
0.11044776261742435
3.0
3.1097083595541863
29.49559762285201
268.905282539607
13.978494623655912
168.31237013259633
0.675
0.300978835978836
0.21946272548094914

LFF
23.939190808275168
41.815631770814434
0.019298246032313296
1.100000023841858
3.017250671631639
26.956441479906808
230.09617984345445
3.9473684210526314
140.75947427183223
0.639554794520548
0.24444444444444446
0.13854536172191392

RAN
33.63443116125005
58.24083245312587
2.226087018199589
6.200000286102295
4.336485842274017
37.97091700352405
218.57400887931584
12.941176470588237
194.8627148138628
0.6157094594594594
0.8392857142857142
0.3232642138228919

RAN
34.47527341204175
55.21618164251173
2.506944474246767
5.200000286102295
4.679006645091451
39.15428005713323
268.3611969811181
29.66101694915254
297.5746218832152
0.7658132530120482
0.7954761904761904
0.27268570689247185

RAN
28.6510774491577
48.58773978118692
2.6060606530218413
6.300000190734863
4.853511619134357
33.504589068292084
299.67949038553917
18.085106382978726
226.65537481701443
0.6038961038961039
0.8846560846560847
0.18684684652794845

RAN
33.23383658264099
57.12861244347026
2.8543210397531955
6.300000190734863
4.926408583495131
38.16024516613611
316.0974880050041
16.51376146788991
323.321097963987
0.717032967032967
0.8534126984126984
0.3732117699822707

RAN
31.701286678467657
51.67164664867742
2.8547170274662523
6.300000190734863
4.722921190615243
36.42420786908292
249.74830990949013
10.126582278481013
198.281335433964
0.5862676056338029
0.8431746031746031
0.33842999503576643

RAN
29.86416527882519
52.56169295133876
2.855000052849452
6.300000190734863
4.842544153444445
34.706709432269655
272.05803988271657
12.5
199.71608001313825
0.5892857142857143
0.870952380952381
0.24261137449274744

RAN
30.78837171246064
51.664516027890286
2.8148148457209268
6.300000190734863
4.776331898540173
35.564703611000816
275.09075709330403
12.048192771084338
227.4204407327336
0.6472602739726028
0.9155555555555556
0.21580874237965375

RAN
32.85506103853618
61.28649609457999
2.5875000563450157
6.200000286102295
4.732344574076951
37.587405612613146
301.7620555063483
22.950819672131146
315.8875446541124
0.7160904255319149
0.8120634920634919
0.22338527810925266

RAN
29.315323847244557
52.35137243298564
2.8161290922472553
6.300000190734863
4.815959671504941
34.131283518749534
307.7275481271193
15.0
270.3261580499797
0.6551470588235294
0.851904761904762
0.2275676638843629

RAN
30.817018392714623
51.816855201937564
2.578431388911079
5.200000286102295
4.54762158373513
35.36463997644976
271.1195959946752
24.752475247524753
229.19182345090266
0.6636513157894737
0.8148412698412699
0.23039943698452614

RAN
29.695861789548704
45.42351897748181
2.8830769593899066
5.699999809265137
4.829491928877847
34.525353718426565
272.9448173632835
10.666666666666668
221.58907188166012
0.6716417910447762
0.9293650793650794
0.22857681408705982

RAN
32.40214057698855
57.255574000835246
2.757575802392129
6.200000286102295
4.7050811087251665
37.107221685713725
214.63857709330395
16.666666666666664
199.83016219964054
0.6053571428571428
0.9440740740740741
0.23185689376176805

RAN
30.088914197495807
52.317296077766
2.7166666871025447
5.200000286102295
4.652405639371305
34.74131983686712
208.1955446189086
7.936507936507936
158.00318893003603
0.5786637931034483
0.8884615384615385
0.27257863776070335

RAN
30.65633305318252
54.11617647033921
2.8888889573238514
5.400000095367432
4.707569672251011
35.36390272543351
246.69472695442943
14.634146341463413
192.9718573489511
0.5785714285714286
0.8603174603174601
0.3637958360969522

RAN
31.64918786523783
57.72818963092503
2.613333388666312
6.300000190734863
4.818516505387726
36.46770437062557
253.33236636026055
11.956521739130435
242.2599293353549
0.6203703703703703
0.8538888888888889
0.27779404420871

RAN
35.343098519858955
55.364811493326656
2.728260911029318
5.200000286102295
4.680713104774186
40.023811624633126
218.99656175791682
10.38961038961039
169.34247747661786
0.5380434782608695
0.9232539682539683
0.27115993288916673

RAN
34.694055014667505
59.151637948333224
2.5469388008421783
6.200000286102295
4.597578829679832
39.29163384434736
207.73522770065819
15.789473684210526
163.50572235886563
0.5537109375
0.8678835978835979
0.25905139168596364

RAN
31.781997622134213
57.19621101132415
3.0040540856284066
6.300000190734863
4.947109495710224
36.729107117844464
272.7032969605874
13.684210526315791
260.3508501663739
0.635670731707317
0.8658152958152957
0.29373466720691516

RAN
29.499852684081883
49.92898945898027
2.645000072196126
6.300000190734863
4.492291883080614
33.9921445671625
204.06356502950902
10.9375
113.93509747161936
0.4407894736842105
0.9719387755102041
0.2358427048755325

RAN
29.637209867336367
46.679426027549205
2.839705919189488
6.300000190734863
4.941567325904865
34.57877719324125
309.20074444549664
16.129032258064516
272.15032183910324
0.7067307692307693
0.8518518518518519
0.25357338492640646

RAN
28.947452573956053
42.95211330268426
2.7020000505447386
6.300000190734863
4.652689687491039
33.60014226144708
285.084662719087
6.756756756756757
191.66494796672458
0.6032608695652174
0.874920634920635
0.26750824757533814

RAN
32.99663028951956
49.17864314396468
2.882258096048909
6.300000190734863
4.884663958008904
37.88129424752846
270.77947352759827
16.091954022988507
229.74064270889087
0.634417808219178
0.9172222222222223
0.35176949469655155

RAN
33.354390889142124
52.74420466759238
2.3310345465253137
6.300000190734863
4.366557424924065
37.72094831406623
269.6859313142984
17.391304347826086
229.9136701068439
0.6907894736842105
0.8808730158730159
0.2823811077510952

RAN
31.564135496232776
57.27790050496118
2.613750056643039
5.699999809265137
4.842085794222907
36.40622129045568
308.6974811750775
21.428571428571427
289.5264490097849
0.6796875
0.8763492063492063
0.22569950411266465

RAN
26.46655075181358
46.38179351138232
2.4581395787901656
5.400000095367432
4.576069031881469
31.04261978369504
238.89689548057024
9.090909090909092
133.58010251944742
0.490625
0.8933333333333334
0.2750957465881365

RAN
35.80894216362002
62.17636885925955
2.8873563522751304
5.699999809265137
4.828335961992222
40.63727812561224
270.14881579693434
22.321428571428573
266.2336510523415
0.6357758620689655
0.8545634920634921
0.13573506548325076

RAN
35.29720701020632
59.10098219016467
2.4206522078779726
5.699999809265137
4.702016911056908
39.999223921263244
287.29822575178974
27.77777777777778
289.1825663369555
0.6737637362637363
0.8058393458393458
0.2532369178048471

RAN
34.96024515862361
56.52087244899085
2.8708861206151264
5.699999809265137
4.918172367015946
39.87841752563956
279.6097951125057
17.647058823529413
261.9435561564528
0.6294642857142857
0.9015873015873016
0.27729804974579647

RAN
31.699679389565325
57.127848564716196
2.6200000484402364
5.400000095367432
4.785705561022865
36.48538495058819
246.759740848991
8.433734939759036
220.60684942412107
0.6069078947368421
0.841957671957672
0.22478243030057818

RAN
35.97529120056603
56.691904027108656
2.6833333786576987
5.699999809265137
4.834648398805251
40.8099395993713
256.70949855537475
13.636363636363635
233.1536192972791
0.634046052631579
0.9066931216931219
0.19336062068795196

TBF
26.936021079008608
50.499999427795416
0.8408450866249245
2.0999999046325684
3.5779756621272103
30.5139967411358
215.65864666562487
23.232323232323232
157.48663864818388
0.5748355263157895
0.7510317460317459
0.4476514906475575

TBF
24.145045544278247
42.833803337474
0.8875000141561031
2.200000047683716
3.5631468867942027
27.708192431072458
227.9624066477963
11.39240506329114
144.3126705180487
0.5785714285714286
0.8357671957671957
0.36721733620137353

TBF
30.397462821999174
49.918416004395716
0.8597015090175529
2.200000047683716
3.5445819667972267
33.94204478879642
235.62200032407736
23.58490566037736
167.43169159142772
0.5856481481481481
0.7492857142857142
0.34341158730762367

TBF
26.474707070732677
45.45319069984551
0.9153846324636385
2.0999999046325684
3.531557102421465
30.00626417315416
215.70409274109397
1.4705882352941175
115.86133460106677
0.4869402985074627
0.7843650793650794
0.3062016610601427

TBF
29.804268851280305
52.16058109560704
1.0142857365842377
2.200000047683716
3.539162569585204
33.34343142086549
216.0493476180793
10.843373493975903
146.252602679359
0.5523648648648649
0.8081746031746032
0.4820577111383588

TBF
24.146944946758925
39.114955645859915
0.9066666874289513
2.200000047683716
3.5877225871873613
27.734667533946272
320.0607869601199
24.074074074074073
191.22040352772842
0.6448170731707317
0.7897017797017797
0.3774340912234922

TBF
29.643972775156936
48.46495648596856
0.967605651369397
2.200000047683716
3.626984198856823
33.27095697401377
248.90559150492663
11.702127659574469
170.39874365387874
0.5625
0.8283292104720675
0.45091432771583995

TBF
24.19103235138117
45.19668125956904
0.9918919094913715
2.0999999046325684
3.5030868498660075
27.694119201247194
179.5281988286697
0.0
91.04302330523801
0.4417372881355932
0.8263492063492063
0.33663159974503476

TBF
25.70266482826523
49.422120716562524
0.805882367579376
2.200000047683716
3.5743761782285244
29.277041006493754
190.1713511813716
12.676056338028168
95.94763286803015
0.4264112903225806
0.7776984126984128
0.2919462825730242

TBF
25.749657523280817
47.14654133114345
0.9840000192821026
2.0999999046325684
3.530614772958243
29.280272296239076
208.58742223635244
5.555555555555555
117.45878914296554
0.4880514705882353
0.7884353741496598
0.41538061956086575

TBF
28.799697085632996
56.34351775344583
0.7182926975372361
2.200000047683716
3.5698231980424846
32.3695202836755
206.31979965670425
28.82882882882883
173.23745254457396
0.6147151898734177
0.7751707551707552
0.4240845227347521

TBF
25.1051892908802
42.04008657024416
1.0204545608298345
2.5
3.5612500893778956
28.666439380258094
241.473689219785
8.108108108108109
116.68595021788164
0.48253676470588236
0.7020634920634922
0.3528676039639792

TBF
27.328273914958775
49.199998760223394
1.0561403710591166
2.5
3.6391858749385446
30.967459789897312
201.91698931986355
22.22222222222222
119.46861631203001
0.46339285714285716
0.7633597883597883
0.2675088603589981

TBF
24.71830438603894
45.12089574132962
1.055555575258202
2.0999999046325684
3.5290165530837854
28.24732093912274
197.45003878727408
0.0
89.11577348553246
0.4149590163934426
0.8052721088435373
0.3401702927575647

TBF
25.451615712626058
49.63254576966531
0.9750000208329695
2.5
3.5648865324637704
29.01650224508982
197.45785593873575
2.8169014084507045
115.1739878818965
0.4673913043478261
0.8365079365079365
0.3835324799432286

TBF
27.113457700405597
47.54070074186061
1.002439042598736
2.0999999046325684
3.5049778280366595
30.618435528442262
187.2144825634745
0.0
104.90771806515787
0.4658203125
0.737063492063492
0.3122832587945742

TBF
22.99340542991214
41.587172468654565
0.912280719008362
2.0999999046325684
3.564297273112707
26.557702703024848
245.791307456868
13.414634146341465
147.34522501173288
0.5809859154929577
0.8126190476190476
0.3626394733021948

TBF
26.42966227650322
55.80000123977662
0.9012820706344568
2.0999999046325684
3.5939983818023196
30.023660658305594
233.59492402414398
23.214285714285715
197.43635425596906
0.6366279069767442
0.8309090909090907
0.40542524833306165

TBF
25.688306742135435
40.28687439926538
0.9285714436056358
2.0999999046325684
3.6122121764647637
29.300518918600176
247.2821275060181
1.36986301369863
131.37943277570218
0.5052083333333334
0.7189548546691403
0.2770306583832769

TBF
25.486571757433975
41.72897749207565
0.7987013145700678
2.5
3.583478582550753
29.07005033998474
275.2810200726468
12.5
175.77305676456058
0.637987012987013
0.7206349206349205
0.4060210425771446

TBF
28.188449240338382
42.68886627621105
1.0514285933758531
2.200000047683716
3.656729902997511
31.8451791433359
278.85825202344444
18.181818181818183
171.8698040134586
0.5740740740740741
0.746190476190476
0.3233473796457511

TBF
25.408896548811132
42.14430259820356
0.9301587457931231
2.0999999046325684
3.5786045334902976
28.987501082301463
268.11434647443906
7.317073170731707
148.5786270060941
0.540296052631579
0.7266439909297053
0.39673573823630903

TBF
23.016231067627228
43.554019997543016
0.9928571625745722
2.0999999046325684
3.5811973540617177
26.59742842168896
258.17096652990546
7.4074074074074066
157.70360504159015
0.585
0.7774603174603173
0.42248355512173147

TBF
25.17965608872836
41.238050080727696
1.0045454741427393
2.200000047683716
3.5815984432993555
28.76125453202772
265.5289161655005
11.39240506329114
135.774900112385
0.5383928571428571
0.777979797979798
0.2730089717044622

TBF
25.958060827994622
43.98984991785706
1.0414285916302886
2.5
3.6344037356978687
29.592464563692495
264.3967262867687
23.076923076923077
167.9050682682542
0.57890625
0.7576190476190476
0.3903525519145915

TBF
25.525906305339205
42.5212056739339
0.8859649287504062
2.5
3.554391585670343
29.08029789100953
242.6101796349071
8.536585365853659
133.16470323280794
0.5
0.6880952380952381
0.30610055797159474

TBF
26.14807108930873
49.5180383092901
0.9090909287333488
3.3000001907348633
3.634574617918898
29.782645707227655
239.75821961562573
14.444444444444443
159.76074102958074
0.5698051948051948
0.814021164021164
0.38430403304065586

TBF
22.412198382316536
42.488082787082526
0.9500000180144396
2.0999999046325684
3.554294494229276
25.96649287654582
256.57869137056497
2.73972602739726
129.66059715179634
0.5123239436619719
0.8165873015873015
0.34330939929988413

TBF
24.515896851776443
45.212175978707705
0.8333333489795526
2.0999999046325684
3.477147011410374
27.993043863186802
237.23838809433238
1.3157894736842104
127.75876432928722
0.495
0.742910052910053
0.3119581894879201

TBF
28.379678075212993
47.063833225193996
1.0433962463207964
2.0999999046325684
3.5581188737452263
31.937796948958255
231.7807583922954
1.36986301369863
119.46081039920705
0.4635416666666667
0.8415873015873016
0.407445986419721

