AFF
64.69229607132146
123.5755478462676
1.4861538648605346
5.400000095367432
4.004350312811679
68.69664638413319
110.12917945609746
83.26086956521739
269.9369293607726
0.8685064935064936
0.6572486772486773
0.23888376947347278

AFF
54.48104030486004
91.10000276863573
1.2627118926937297
4.5
3.9169737157305002
58.39801402059056
137.94756008376098
83.7471783295711
240.05365680157223
0.8506944444444444
0.6322222222222222
0.25390421345007874

AFF
53.15662305056236
84.80514240632048
0.7837838031150199
4.5
3.4846463457322066
56.64126939629457
111.46596292909419
81.49253731343283
196.10027970673735
0.907258064516129
0.5539115646258502
0.20573032550406667

AFF
52.34911997788376
110.99999999999997
1.2826087293417558
4.5
3.819779057631887
56.16889903551562
97.38223923880936
79.43925233644859
211.5113286400957
0.8475378787878788
0.6895691609977325
0.21246747967661636

AFF
60.99855518359657
108.41221241861936
1.0947368584181134
4.5
3.802053039798499
64.8006082233951
121.82897158828897
83.84458077709611
261.54580326007635
0.8742088607594937
0.5526190476190477
0.29207330502132167

AFF
55.584845407072265
91.18930482002582
1.2316326596298997
4.5
3.8258266028835113
59.4106720099558
147.5513013512429
83.77823408624229
274.8048932523618
0.9137658227848101
0.5046560846560847
0.3395487158177969

AFF
55.8859187694541
91.10000276863573
1.0207547331756015
4.399999618530273
3.7248655278086154
59.610784297262704
128.82352865586853
83.82022471910112
235.06413496819263
0.8854166666666666
0.6104232804232804
0.22827194343231894

AFF
73.91764128139742
139.79999904930588
1.3382978553467608
5.200000286102295
3.9684066338290016
77.88604791522643
119.2473551653054
87.63440860215054
319.5300157184463
0.8797554347826086
0.5524579124579124
0.20959120857731048

AFF
57.24386749635207
104.05679521449517
1.2408163352888457
4.5
3.869229975191258
61.11309747154334
119.4324884770987
81.34715025906736
242.45868163572624
0.8723958333333334
0.5861904761904762
0.2906971290976192

AFF
62.38313726712815
112.81260399637918
1.230769253264253
4.300000190734863
3.7535332010458236
66.13667046817392
103.59015808914674
84.63203463203463
234.71809366352025
0.8846830985915493
0.5993650793650793
0.22508217227580557

AFF
64.38273289340675
118.8036245682475
1.5420290076214334
5.200000286102295
4.07647328830386
68.45920618171071
114.31955133836114
85.87360594795538
265.0928099241217
0.8675986842105263
0.6599206349206349
0.21587645466848746

AFF
68.6388010214736
136.6634244888671
2.0789473944980847
4.5
4.136298288640873
72.7750993101145
103.85355733207992
83.37028824833703
269.8996963471894
0.8666666666666667
0.6568253968253969
0.27034495604575287

AFF
52.31814400011057
90.41496455906318
1.1145833681027095
4.5
3.8087494534845017
56.1268934535951
120.73030537520852
79.87987987987988
222.9488668613373
0.8815298507462687
0.6277777777777778
0.2835259109066903

AFF
53.96631435644143
104.04224978029126
1.1489361905037088
4.5
3.8219028296518616
57.788217186093284
108.35908867840514
80.34682080924856
224.7434206265694
0.8685661764705882
0.5879365079365079
0.2049256498310259

AFF
55.84597102826764
108.76450040826384
1.0482143035956792
4.5
3.7527446661616706
59.59871569442934
111.64919559672907
82.83752860411899
241.91040084117327
0.8666666666666667
0.5978571428571429
0.29186123954325577

AFF
52.05132691659995
95.91066004907904
1.3754386232610334
4.5
3.9150810489559777
55.96640796555591
116.7286347099793
80.8259587020649
217.37375679370177
0.8653846153846154
0.6223639455782312
0.08154806974478047

AFF
51.213176208850626
93.55870170083442
0.8525000125169754
4.399999618530273
3.598493060046865
54.81166926889749
108.25866399999309
80.06042296072508
197.6134137502158
0.8380681818181818
0.5996825396825398
0.30132299675315205

AFF
64.54817036662058
120.52115954313682
1.3930232910396054
4.5
3.9625954356025965
68.51076580222319
122.7294620479338
83.9924670433145
300.54033412058527
0.8970588235294118
0.6422366522366523
0.23017432481629055

AFF
67.07455315178645
113.76636948944427
1.7057143313544136
4.699999809265137
4.1968258837003845
71.27137903548679
115.96794084534524
84.51612903225806
262.3042304101904
0.8680555555555556
0.6576190476190475
0.28071838092525947

AFF
67.52533371500986
132.85918344769783
1.3012820702905838
4.5
3.9823484597868597
71.5076821747967
117.3070533750493
84.46771378708551
301.43320058883023
0.8532303370786517
0.6375000000000001
0.30133191247391955

AFF
56.03935095084156
104.10000191032886
1.2042253672237127
4.400000095367432
3.8533117392517657
59.89266269009332
123.5142310382076
83.85744234800838
259.5734411772371
0.872564935064935
0.5974603174603175
0.26723587139328187

AFF
50.81208447450949
104.8423812652795
1.1877551224766945
4.5
3.7183821464572873
54.53046662096678
103.54309395507832
78.94736842105263
224.5406118366521
0.8915441176470589
0.6315079365079366
0.2745266523889505

AFF
63.65852784685456
111.59999218285081
1.4934782955957495
5.699999809265137
3.9575855281144423
67.61611337496899
109.08428635294041
82.33766233766234
226.95738135336902
0.8455882352941176
0.6705555555555556
0.2182277350749195

AFF
57.944178616580665
91.10993311502615
1.041791058743178
4.5
3.763609711556847
61.707788328137546
146.29855592056518
84.27184466019418
268.3687203232351
0.8796296296296297
0.6234006734006734
0.21889532837981507

AFF
48.36128155841308
104.49999990463255
0.9893617224186024
3.5999999046325684
3.600752372517476
51.96203393093058
93.29879946638987
79.13907284768213
206.21943700181353
0.9077380952380952
0.516984126984127
0.19576085514620187

AFF
68.9025163836792
112.8989218703881
1.9750000115703135
5.699999809265137
4.355577320790239
73.25809370446946
132.18950855608804
84.74903474903475
311.7547928061626
0.8979430379746836
0.7004232804232804
0.21219058851720318

AFF
59.20223953644336
116.49689430732278
0.9844827672530865
4.300000190734863
3.637397251282644
62.839636787726
105.76203444765095
82.95964125560538
241.76391182084743
0.8758223684210527
0.5485714285714285
0.34960003734532175

AFF
57.35905436168704
94.69999303817748
1.1672131503458882
4.399999618530273
3.840153689632726
61.19920805131981
133.43863723222302
82.61851015801355
255.93131720396087
0.864448051948052
0.6612698412698411
0.2681811816940662

AFF
58.684431562248214
98.30755292115339
1.210937524214387
4.5
3.8563780820120113
62.540809644260214
130.74834875135923
83.85744234800838
261.19229742543143
0.8847402597402597
0.6315873015873016
0.28102994862071856

AFF
60.58157172490106
112.55779484345909
1.3354838764475239
4.400000095367432
3.84470592439239
64.42627764929344
105.29944618814189
84.009009009009
236.84541540724962
0.8670774647887324
0.6415343915343915
0.19444065891739587

ANF
48.092069279192074
88.5637380963835
2.477083370089531
5.400000095367432
4.459561163558122
52.55163044275018
137.4114958228161
61.63522012578616
223.97924673688684
0.8247950819672131
0.9444444444444445
0.1906781778504609

ANF
39.76390683066096
73.65867132621597
2.481250017415732
6.200000286102295
4.516218585690382
44.28012541635132
180.5866536231744
60.3448275862069
265.15074325800657
0.8514492753623188
0.9600000000000001
0.26471321330773084

ANF
43.43911859955749
74.71964459748051
2.878571484450783
6.300000190734863
4.880592826091695
48.31971142564919
207.1057642249005
52.94117647058824
339.2105562681844
0.8671875
0.9904761904761905
0.25369631848911545

ANF
48.41409608212943
84.58525592931763
2.564000038802624
6.200000286102295
4.697694856886129
53.111790939015584
205.63762310361219
59.25925925925925
354.01375182182966
0.8558238636363636
0.9465873015873018
0.19828982722463076

ANF
39.68814170407617
70.60000286400319
2.5033898608664336
6.300000190734863
4.546997968206508
44.23513967228269
225.93057428003576
52.40963855421686
308.0591910734784
0.8544303797468354
0.9925925925925926
0.18697835239252594

ANF
40.09934633147872
74.60000133514404
2.541379324321089
5.400000095367432
4.317119988105598
44.41646631958433
125.68411747736386
53.84615384615385
183.83730381001547
0.7928240740740741
1.0
0.17494660189005776

ANF
40.81015398859177
73.75045593360994
2.671929863069141
6.200000286102295
4.588033231283939
45.39818721987569
185.7873665464461
50.6578947368421
291.8768878750314
0.85
0.9793650793650794
0.14276783088547595

ANF
45.826936668854515
77.13305979320617
2.618644103786703
5.699999809265137
4.643277877711627
50.47021454656615
191.50437199241136
56.06936416184971
292.37856293683035
0.8264802631578947
1.0
0.23177944010119547

ANF
44.3508608719633
79.9629828989393
2.4415584815206466
6.300000190734863
4.669954879163369
49.0208157511267
211.37311374587952
62.94642857142857
338.2470118368814
0.8697289156626506
0.9904761904761905
0.20366795620142747

ANF
42.22008252838765
76.10448755711757
2.385483906394051
5.699999809265137
4.6207325604430975
46.84081508883075
220.2502489495925
61.03286384976526
337.64929518753485
0.8772590361445783
0.9672222222222223
0.26549184007296756

ANF
38.7140673671126
77.53884210173683
2.6403509081717123
6.200000286102295
4.65258128226794
43.36664864938055
183.55121107648938
52.94117647058824
262.64229378845425
0.7899305555555556
0.98
0.15678104144664512

ANF
41.854534631071886
70.45728276759682
2.6688889212078517
5.200000286102295
4.687824435416831
46.54235906648874
177.5806659807081
52.85714285714286
265.2520090990538
0.8570075757575758
1.0
0.16406945715241986

ANF
42.1588432446435
71.8426856838777
2.694339653231063
5.200000286102295
4.656909273282385
46.81575251792589
198.52318983660473
52.903225806451616
295.6892820778111
0.8690068493150684
1.0
0.21350087430430814

ANF
38.705107774764635
66.50319898008769
2.6796296724566706
6.300000190734863
4.586171221709395
43.291278996474055
189.67062480628886
42.016806722689076
241.58806264902776
0.7744565217391305
1.0
0.25530399232905315

ANF
39.31832438913689
65.73491748505899
2.542592608956275
5.699999809265137
4.633029504872516
43.95135389400935
219.78472497589806
50.66666666666667
285.60033904095525
0.8361486486486487
0.9880952380952381
0.22428846629099736

ANF
48.43075057428471
96.0000033855438
2.4926470967338368
6.300000190734863
4.686370570089447
53.117121144374195
189.78604070298096
67.65799256505576
357.6796563320288
0.8764367816091954
0.9755555555555555
0.1611902038791718

ANF
53.29132204036414
91.89539391703806
2.628235338715946
5.200000286102295
4.748247229545433
58.03956926990963
192.19876972920162
66.14173228346458
356.933680347972
0.8757267441860465
0.9327777777777778
0.17094796265627274

ANF
44.48860630849032
83.93099078196838
2.607407432601408
5.200000286102295
4.564690524253381
49.053296832743705
183.3231493608608
53.216374269005854
303.93871099250293
0.828125
1.0
0.18771920011190882

ANF
51.98798268093875
102.20358551987118
2.536585402197954
5.699999809265137
4.620527439324734
56.6085101202635
166.6615350178439
65.57377049180327
336.4513729058055
0.8668154761904762
0.9660317460317461
0.28699104779837153

ANF
42.37363170363645
80.54821229258218
2.6333333772161733
5.699999809265137
4.793149130111867
47.16678083374835
200.95694119153077
51.21951219512195
331.02993435605896
0.859375
1.0
0.2932832372027113

ANF
47.6796600747104
94.80000104904174
2.620000023841858
5.699999809265137
4.716216937937587
52.395877012647986
190.43220702640372
56.310679611650485
351.02796177780226
0.8298611111111112
0.9772727272727273
0.2821731477245079

ANF
42.909092550192796
75.89386006587046
2.6370370432182595
6.300000190734863
4.713243385611611
47.622335935804436
198.20911220458208
60.1063829787234
295.4268597437723
0.8333333333333334
1.0
0.17104622969170294

ANF
40.96059935585305
70.65050731944224
2.504166687528292
5.200000286102295
4.507542115504694
45.468141471357725
174.82835480428793
49.62406015037594
243.81922152558855
0.8069029850746269
1.0
0.2382476926197487

ANF
44.59858806194269
87.42862781253584
2.5818182032442456
5.699999809265137
4.646080548429153
49.24466861037181
185.52532349978506
53.179190751445084
309.981459913072
0.8294753086419753
0.9715873015873017
0.21731882919320603

ANF
39.90224529023404
82.40000009834766
2.791304387908051
5.699999809265137
4.7726514077781585
44.67489669801223
196.96844806490887
54.285714285714285
314.3345552724959
0.828125
0.9888888888888889
0.20802986495946404

ANF
38.562110071201005
62.543872153477
2.646666682097647
6.300000190734863
4.556648015887937
43.11875808708898
189.90997435008325
44.06779661016949
216.73208234048562
0.7339015151515151
1.0
0.2086757427850873

ANF
38.36708091437793
65.82369170249598
2.1750000195408408
6.200000286102295
4.365513087048067
42.73259400142603
177.43591346600533
50.37593984962406
232.88438402654603
0.8096590909090909
1.0
0.16662467647909454

ANF
53.497876124478765
102.0915558375394
2.7263158211582583
6.300000190734863
4.809958892358582
58.30783501683741
198.90098463760293
65.28301886792453
382.18038751939054
0.859375
0.948888888888889
0.15790178227576282

ANF
38.72694327170292
66.48557285500584
2.6730337435107554
6.200000286102295
4.760245306650403
43.4871885783533
237.90552639332162
57.22222222222222
325.48106385610794
0.8887987012987013
0.96009324009324
0.2069217043389665

ANF
35.14628457785122
60.25871290065062
2.6967391708622808
5.400000095367432
4.8003538646822985
39.946638442533505
279.42300070032235
52.74725274725275
358.92239174336197
0.8684593023255814
1.0
0.2060132792535986

LBG
45.76642312434873
78.05440452829889
0.5553846340913039
4.699999809265137
3.4509819794575964
49.21740510380633
137.06916661968495
69.83471074380165
225.97657921912926
0.8946917808219178
0.47023809523809523
0.34470776343570625

LBG
47.96820042981039
93.70000104904175
1.045945942401886
6.200000286102295
3.7786409953184137
51.74684142512883
146.87276438435333
74.41176470588235
286.4966069504706
0.8764367816091954
0.48698412698412696
0.2862621323073669

LBG
45.72720825963567
78.48492416081551
0.82
5.400000095367432
3.5983864012593685
49.32559466089504
144.69831960467457
70.61224489795919
219.1405249334004
0.8506944444444444
0.5931746031746031
0.28170663644521515

LBG
48.39625749404018
89.37736805800077
1.1462686969273126
4.300000190734863
3.7727886214333224
52.16904611547352
140.35300620520013
72.6962457337884
270.37789660749934
0.89453125
0.506031746031746
0.34801294926763404

LBG
45.440797901760696
76.59999437332154
0.7150943481697226
4.699999809265137
3.558239421113318
48.99903732287399
138.30627444715105
69.95515695067265
199.1104954833357
0.8302238805970149
0.5243197278911566
0.22746056433709427

LBG
48.86632946504796
84.2
0.675000018798388
4.300000190734863
3.5254995945002903
52.391829059548236
123.67207810004857
72.0
215.32183410655747
0.875
0.5819047619047619
0.3044656651608131

LBG
37.424246438937956
78.83283181316929
1.0480769391243274
4.5
3.632486260703893
41.056732699641856
123.1612242711671
66.83937823834198
199.35423316747426
0.8642578125
0.5296825396825396
0.2350130556181599

LBG
51.55890551367982
91.39999942779541
1.097368437992899
4.5
3.7593474096448594
55.318252923324685
158.0707534385078
76.16438356164383
290.36552309915896
0.8872126436781609
0.46428571428571425
0.2715186246241532

LBG
41.323829964649065
78.00000038444996
1.0666666888354117
5.200000286102295
3.7168624463088116
45.040692410957895
137.38386713233731
68.18181818181817
219.81909803901578
0.8571428571428571
0.5536507936507937
0.25480308625236237

LBG
46.55800065457852
86.09999923706054
1.324137952821008
4.400000095367432
3.878115586716833
50.43611624129534
147.86359133806906
74.32432432432432
254.70323555357442
0.8634868421052632
0.6255411255411256
0.25468932098453634

LBG
55.75666259264266
91.70524221558077
1.1086419871375885
5.400000095367432
3.87574635195726
59.63240894459989
156.13810764009088
77.42782152230971
300.63204962655425
0.9011627906976745
0.5773870573870573
0.36427661537748846

LBG
42.25633066394292
86.75861030722328
1.2984375469386578
4.400000095367432
3.9778719416762103
46.234202605619124
122.46599710176368
63.793103448275865
215.89309258867357
0.8630952380952381
0.6252551020408165
0.3116638429473979

LBG
45.76584726040949
77.7173396258338
1.1634920759806557
4.699999809265137
3.8634002460499577
49.62924750645946
154.58747042296042
67.82608695652173
247.94686301920893
0.8657094594594594
0.6091534391534392
0.3629958753377564

LBG
44.23062901791036
76.97463997923583
0.530952396846953
3.3000001907348633
3.4033641489963964
47.63399316690677
120.75520773315773
68.5
181.18933146887503
0.8482142857142857
0.5470238095238095
0.2554227938350334

LBG
46.663877454396925
94.53224714467643
0.9140351069600958
4.099999904632568
3.6632748842949057
50.32715233869182
127.78961650603264
70.45454545454545
243.520725914065
0.8573717948717948
0.55484126984127
0.39031824789384756

LBG
44.980744469869364
92.8540580939059
1.1635294437408448
4.5
3.8551115095466595
48.835855979416
159.11426822425517
67.28624535315984
284.7279495375996
0.8380681818181818
0.5237566137566138
0.39680980411421657

LBG
40.72110184541889
69.01060613917178
0.9901960990300366
4.5
3.645354096680663
44.36645594209954
150.2172584398317
68.86792452830188
204.7693319429105
0.8570075757575758
0.6164646464646464
0.28153364733765385

LBG
41.49864019039075
74.69999608993531
0.8418182112953879
3.3000001907348633
3.60428996386879
45.10293015425959
140.84003289866456
63.45177664974619
207.58384904530695
0.8072916666666666
0.5464285714285714
0.22907405860603314

LBG
40.063032461372224
70.14707648983227
1.1895522537516123
4.400000095367432
3.75646771866585
43.81950018003808
171.06558483263734
71.20622568093385
239.59002856567523
0.8614864864864865
0.5384126984126983
0.3322658445589763

LBG
37.15812821555971
56.1000005722046
0.5027027194564407
3.3000001907348633
3.3548454182902483
40.51297363384993
140.91042858712248
62.251655629139066
154.71305810950633
0.805921052631579
0.5952380952380953
0.2229610499125929

LBG
39.91957780719376
69.29999914467336
0.8468085248419579
4.400000095367432
3.661264229021354
43.58084203621511
140.83916318242777
65.26315789473685
197.9148152542796
0.8333333333333334
0.5815873015873017
0.24729719577421702

LBG
39.31574973942188
61.018865614205794
1.0680851302248366
5.200000286102295
3.7549593153754146
43.07070905479732
164.30759898906152
66.83937823834198
200.24799553797146
0.8447265625
0.6407936507936508
0.24614485154135654

LBG
52.10049955302283
94.10000028610229
1.7583333537692116
5.200000286102295
3.873874539127286
55.97437409215012
151.48979256337665
75.29069767441861
290.5868773367057
0.8786764705882353
0.4965343915343915
0.3321567411918171

LBG
50.258774319139675
83.84508548030529
1.1327868934537544
4.5
3.8168992674231683
54.07567358656282
154.76785014123914
73.52941176470588
267.6694662414765
0.8641975308641975
0.6328835978835979
0.24036914209770294

LBG
45.28353010943139
80.72110072815849
1.3179104577249556
4.5
3.7999808182361012
49.08351092766749
159.66635030678825
71.48148148148148
253.8226425579091
0.864448051948052
0.6007936507936509
0.3393023244407754

LBG
50.82371997151313
80.60000019073486
0.9439024311921945
4.099999904632568
3.5985866854947033
54.42230665700784
172.88564000136293
72.36024844720497
280.7445765709646
0.8778089887640449
0.5301202501202501
0.16704511410861128

LBG
37.91849486914953
62.52698472930885
0.951063833338149
5.699999809265137
3.683036719221371
41.60153158837091
156.06061817419493
62.56983240223464
201.97824392609226
0.8348880597014925
0.533015873015873
0.18528823021382493

LBG
46.970478540125335
79.09239061360964
0.9309859426928239
5.200000286102295
3.6986542595268785
50.66913279965223
164.85823021295886
69.28838951310861
267.6152962011289
0.8803353658536586
0.5769047619047618
0.41617031596525983

LBG
45.16998862726014
82.30778416192987
0.6313725593043309
4.399999618530273
3.4341498834557522
48.604138510715906
133.31136543032852
68.69565217391305
213.28011713326333
0.859375
0.4823015873015873
0.2958347816842923

LBG
37.87965527287885
61.17418860592575
1.1240000319480896
4.400000095367432
3.779516379126263
41.659171652005114
150.95574738941787
66.29834254143645
187.97859293128326
0.819672131147541
0.5722222222222223
0.29180244264903216

LFF
21.330326605320383
37.46139469496657
0.40638298636421244
2.200000047683716
3.233498831530954
24.563825436851335
245.21272931193434
33.33333333333333
157.4496867004462
0.7386363636363636
0.38296296296296295
0.14876672995777948

LFF
23.601797190470585
41.229355277460606
0.2545454600317912
1.100000023841858
3.1857310565517687
26.78752824702235
208.77848560551368
24.390243902439025
157.24932083569982
0.7963709677419355
0.4215986394557823
0.14059594073827872

LFF
25.118922651814632
48.766185953349506
0.3765625086380169
3.3000001907348633
3.2966867435970073
28.415609395411625
229.24299214912614
46.05263157894737
222.03957565302272
0.819359756097561
0.3922222222222222
0.23876089592098337

LFF
25.170417642646875
41.43639674091196
0.6384615472876108
3.0
3.3566967307710898
28.527114373417955
279.5261993736239
39.0625
219.59005747537725
0.8333333333333334
0.4111640211640212
0.2281880121955589

LFF
23.646933102968646
46.05258090579154
0.42391305384428607
3.3000001907348633
3.270003053799708
26.916936156768354
183.52083954762293
25.301204819277107
152.8501183347387
0.7610887096774194
0.34761904761904766
0.1931328609460865

LFF
25.330713465129218
49.88493337824932
0.408474582736775
2.200000047683716
3.2763196910969965
28.607033156226226
200.05182305424307
31.73076923076923
184.4183432058192
0.7966549295774648
0.38962962962962966
0.21204731964881626

LFF
27.730671643513503
49.86539319603694
0.3187500082887709
3.0
3.2910503701942937
31.02172201370779
242.26249387843572
44.15584415584416
235.1141818589852
0.8284883720930233
0.4192857142857142
0.27771213316085364

LFF
28.359311572810075
53.6963401470255
0.7363636436486485
4.099999904632568
3.610991627825587
31.970303200635655
249.27694290451623
42.10526315789473
255.7025049035311
0.8061079545454546
0.3993506493506493
0.18738302144778227

LFF
23.36379357115901
51.71295552342449
0.4500000085681677
3.0
3.3237361285886116
26.687529699747614
198.76275856995883
37.5
201.97867456411106
0.8083333333333333
0.42058201058201056
0.20985429276217854

LFF
27.264978127233732
51.7340006447033
0.4603448375288782
3.3000001907348633
3.3934865155454967
30.658464642779233
211.65523195449512
51.59235668789809
203.99314369017722
0.7935855263157895
0.496058201058201
0.22553819420079868

LFF
21.844551659602683
39.58335517038164
0.47241380219829493
3.3000001907348633
3.3855000767015104
25.230051736304176
280.83902622042314
50.0
222.5470121582054
0.8203125
0.47301587301587306
0.12968407979000143

LFF
22.34546324282879
40.35319531425127
0.5650000115235646
3.0
3.340244707623393
25.685707950452183
252.98441372801642
41.32231404958678
193.04917950999874
0.8098591549295775
0.4433333333333333
0.18954487803376846

LFF
23.204527416466412
40.30011492560511
0.5444444445154023
3.0
3.441131418191148
26.645658834657553
284.464039754247
46.85314685314685
216.0568962017498
0.8223684210526315
0.4533333333333333
0.1643287011288429

LFF
24.88047279487248
40.22823435951458
0.3563636428930543
3.0
3.2689359139174763
28.149408708789956
274.66002648040364
34.234234234234236
200.29905180290814
0.839041095890411
0.392010582010582
0.17562541065108644

LFF
28.38972763325741
60.379390156185515
0.5079999962449073
3.1999998092651367
3.3741961214760363
31.76392375473344
213.52434942775471
48.87640449438202
262.2566645054185
0.8550824175824175
0.3996031746031746
0.2523057761998087

LFF
31.151524802626632
70.4887777781495
0.7055555437174108
3.1999998092651367
3.5177635055102336
34.66928830813686
172.52973330031864
52.046783625730995
231.55813381232147
0.8003048780487805
0.3712698412698412
0.2846830536158028

LFF
29.55278933576514
54.84372862527698
0.9959459221242247
3.5999999046325684
3.4994976930667834
33.05228702883189
213.6147668497458
56.68449197860963
228.211856067259
0.8063271604938271
0.43862433862433864
0.21291600357710816

LFF
29.20278668995811
44.21763761134008
0.21904762710134187
2.3000001907348633
3.1571165721302537
32.35990326208835
191.5364452120086
26.506024096385545
146.24381500424516
0.7581967213114754
0.4485714285714286
0.19042008935245489

LFF
31.425860832632118
59.68020425666623
0.5624999974721244
3.3000001907348633
3.427163812158048
34.85302464479017
182.97222034495434
48.29931972789115
206.23854661626098
0.7976973684210527
0.45023809523809527
0.24606381780133355

LFF
23.398847236068804
45.627867224066726
0.2500000024835269
2.200000047683716
3.1917253616875847
26.590572597756392
207.30548455354537
20.0
176.8287418075836
0.8180147058823529
0.40539682539682537
0.18008036529444985

LFF
29.77934693416882
66.39999485313894
0.512345679656223
3.1999998092651367
3.4389222683003684
33.218269202469216
194.11616975891252
53.1578947368421
253.88516007264533
0.8356741573033708
0.42142857142857143
0.2079829744364424

LFF
23.829900881791904
41.19182961540378
0.26600000575184823
2.200000047683716
3.1978217156389013
27.027722597430806
240.26238057481797
37.16814159292036
183.3723034519183
0.8098591549295775
0.3601587301587301
0.17179737676619078

LFF
21.342198173358724
39.96227317075028
0.23809524323968662
2.200000047683716
3.1732959554077373
24.515494128766456
227.3695575063651
39.81481481481482
162.100708942472
0.7836538461538461
0.450079365079365
0.21163330912426404

LFF
25.14671392578852
45.94039833731246
0.4181818257678639
3.0
3.3232214058495178
28.469935331638034
189.35430062714937
32.631578947368425
171.86828435097118
0.8056640625
0.38443223443223445
0.2881530007100347

LFF
26.64650271781692
40.350761831287485
0.17631579327740168
2.200000047683716
3.124826315932746
29.77132903374965
218.74236876446196
27.77777777777778
150.72303454238394
0.7403846153846154
0.43587301587301586
0.15211961324971868

LFF
20.034331823317164
38.08137123942712
0.3404761978558132
2.200000047683716
3.2047611693188647
23.239092992636028
214.04882776205707
30.120481927710845
145.7401385817132
0.7866379310344828
0.4397108843537415
0.19160754099369084

LFF
27.192452854120994
58.67700923914679
0.5617021368222034
2.200000047683716
3.385702784704513
30.578155638825503
162.75867914494967
43.96551724137931
168.41693105198672
0.7644230769230769
0.4623299319727891
0.22973594061742414

LFF
26.317138406126965
49.6938289665389
0.5573770589515811
2.200000047683716
3.366261809267152
29.68340021539409
220.4076799142928
39.02439024390244
203.11018031721764
0.8
0.4151587301587301
0.1518852237125215

LFF
24.534092562131043
41.9938703724266
0.7784615238125507
3.1999998092651367
3.4207525732234974
27.95484513535455
249.27191954554388
41.32231404958678
185.57412841958384
0.7570422535211268
0.3857142857142856
0.27373726104230206

LFF
27.617068322316165
50.74239856935061
0.6184210621408726
3.5999999046325684
3.39457741928329
31.011645741599462
244.17020912163568
52.459016393442624
245.69627453232312
0.8297413793103449
0.35439153439153437
0.17299044201523753

RAN
43.231103323633796
80.54372370520738
2.8352113267485524
6.200000286102295
4.879778490968513
48.11088181460231
200.69245951172104
57.89473684210527
331.17638036194853
0.8515625
0.8958465608465608
0.2031302118273426

RAN
43.733421533595184
86.26417755638015
2.7727273074063388
6.200000286102295
4.868291286144639
48.60171281973985
190.5384394104543
50.6578947368421
271.3300504631672
0.7416666666666667
0.9302721088435374
0.20370870362686855

RAN
41.93849107475022
87.49454674075982
2.5683544612006295
6.200000286102295
4.666583174905094
46.605074249655324
200.44936275799327
53.36787564766839
341.5786545168384
0.8090277777777778
0.860878010878011
0.21185382446744516

RAN
39.280527425939624
77.6649252751063
2.5895522975209935
6.200000286102295
4.659921099659946
43.94044852559955
202.50967939581696
39.097744360902254
290.6894463558906
0.7600308641975309
0.9008730158730158
0.21929139868618228

RAN
45.67309787042253
87.01073936984997
2.402597427368164
5.400000095367432
4.764849645822036
50.43794751624453
192.31386213646172
57.51295336787565
328.26841191687225
0.8422256097560976
0.8461111111111113
0.20310832093437528

RAN
35.148296508638126
60.49425897197176
3.00714288013322
6.200000286102295
4.609257365975196
39.75755387461334
181.0360567774332
30.76923076923077
167.4062023653601
0.6655092592592593
0.9477777777777778
0.23335073544580207

RAN
58.76276780427891
96.71842381298623
2.3117021454617066
5.699999809265137
4.6200513206981295
63.382819124977026
189.95085367217487
72.61904761904762
364.8943912691476
0.8525815217391305
0.8427777777777778
0.22342689445152047

RAN
34.105888603432696
63.80598767411419
2.4258064877602363
5.200000286102295
4.631165812823781
38.7370544162565
222.17042140900455
38.333333333333336
266.9807984048104
0.777027027027027
0.9031649831649832
0.2234978333863748

RAN
35.09157818558639
66.55015083333687
2.1186440940630638
5.699999809265137
4.462146293663741
39.553724479250114
214.56717179876765
38.01652892561984
268.28872594370347
0.7958333333333333
0.8514718614718614
0.23219783067038816

RAN
35.992947992260724
63.65246499570466
3.050000040619462
6.300000190734863
4.7991496424353155
40.79209763469605
188.88453238833705
37.254901960784316
252.90048774539756
0.8203125
0.8811111111111111
0.1832530116629536

RAN
36.601678372153614
63.32320492255378
2.9159091304649007
6.300000190734863
4.838449553952362
41.440127926106
193.31096930765
33.33333333333333
231.07228220596687
0.7470703125
0.8968537414965987
0.1837026017275019

RAN
33.68398580939655
61.17167674354094
2.579629688351243
6.200000286102295
4.673275156756599
38.35726096615316
211.4873908677199
38.26086956521739
266.5016434871757
0.801056338028169
0.9101851851851852
0.16395222258251982

RAN
52.86611894932545
96.2123098308561
2.4788733065967827
6.200000286102295
4.723766008229452
57.58988495755489
169.06350681995434
63.30275229357798
335.50484289280024
0.890625
0.8334467120181407
0.27847938609800144

RAN
42.89796204495079
76.36416989046913
2.741269895008632
6.300000190734863
4.760987011178257
47.65894905612907
211.28916522427795
53.142857142857146
330.5887750660092
0.8498475609756098
0.8867724867724868
0.2092922265914829

RAN
43.506460488748736
75.89162506894617
2.598148191002784
5.200000286102295
4.697143847677888
48.20360433642664
183.5216196532072
52.054794520547944
276.8644566594888
0.84375
0.8975132275132276
0.2319045886951794

RAN
42.69323831167924
76.79999942779541
2.7550724969393965
6.300000190734863
4.747778077098338
47.4410163887776
202.4220698928541
60.824742268041234
314.7356743206494
0.8675986842105263
0.8885714285714285
0.15278530765675916

RAN
38.27086648500552
62.46508038689036
2.6672414208537547
5.699999809265137
4.682327661302684
42.9531941463082
233.53638146646506
41.53846153846154
273.2041466403946
0.7689144736842105
0.9321428571428572
0.15255075326752274

RAN
50.21858821994823
87.41216997666179
2.5157143129834107
5.400000095367432
4.657668161529999
54.87625638147824
191.72546751798154
61.81818181818181
330.9599328742188
0.8407738095238095
0.8500529100529101
0.22485064415722716

RAN
44.01772105477528
73.54846026696696
2.4986301872828234
5.200000286102295
4.657999942670175
48.67572099744545
232.71901900916905
54.054054054054056
330.88437036447414
0.8308823529411765
0.8478210678210678
0.20479687302710714

RAN
39.73498338084295
74.2049264383336
2.7611111438384763
6.300000190734863
4.748591924738475
44.483575305581425
190.60478313318896
47.82608695652174
263.5227843760074
0.7725694444444444
0.9403078403078403
0.18535165598500913

RAN
42.26588289460519
87.67701159862732
2.7782609220864116
6.300000190734863
4.842570995362296
47.1084538899675
201.41699125085188
54.4973544973545
348.3940503278994
0.8357558139534884
0.8669841269841269
0.22941485802294495

RAN
35.79706868798095
81.65748732731267
2.609090947698463
6.300000190734863
4.623108771387874
40.420177459368844
161.75231168595286
30.693069306930692
241.19439313155252
0.7455357142857143
0.8900000000000001
0.1697967487246341

RAN
39.6930173779113
70.21138477459846
2.5655738150731464
5.200000286102295
4.67009836471898
44.36311574263027
196.43391225011788
43.84615384615385
279.0378350799259
0.8090753424657534
0.9374149659863946
0.18827940694321965

RAN
39.6685774372977
71.94454204099851
2.442105307521527
6.300000190734863
4.5485904975653195
44.217167934863014
177.72432580008288
45.52845528455284
238.87353724284796
0.7835820895522388
0.86984126984127
0.20185628457623786

RAN
43.566222393076146
81.40744774078783
2.772580707866338
6.300000190734863
4.763663421291214
48.32988581436739
200.32711730833455
53.97727272727273
312.56066000223274
0.8024691358024691
0.9227513227513227
0.16510082920840508

RAN
31.021002899605023
52.13018508485273
2.4148936596639614
5.400000095367432
4.515077733164716
35.53608063276975
209.9631235862254
32.631578947368425
234.2952608756595
0.8056640625
0.865986394557823
0.16889518887288746

RAN
30.46093737636618
50.8144794293937
2.4840909481387246
4.300000190734863
4.395325101442332
34.85626247780851
216.67976953800112
22.89156626506024
213.08071897590597
0.751953125
0.9476190476190477
0.17749250884655904

RAN
31.17825767754102
62.19999971389771
2.6461538809996386
6.300000190734863
4.513378715655923
35.69163639319694
165.76180014439075
21.052631578947366
210.12840545902287
0.78125
0.9111111111111112
0.1419103893963344

RAN
38.15301229132314
74.38170307640011
2.775510221111531
6.200000286102295
4.664354538090715
42.81736682941384
179.53709693644691
41.66666666666667
249.41188682278153
0.7723214285714286
0.9259259259259259
0.16271192814128885

RAN
41.849179592153945
79.55835864339112
2.864705941256355
5.200000286102295
4.727695647096621
46.57687523925058
183.9321192772233
54.601226993865026
291.4214741241061
0.8234797297297297
0.9192063492063494
0.23877699352045587

TBF
27.5874365253317
46.30598298354605
0.9588235472055042
2.0999999046325684
3.506477104605142
31.093913629936853
174.36526459914273
12.121212121212121
120.81507948464515
0.5980603448275862
0.8296296296296295
0.19003446953010078

TBF
33.214478633305745
61.40154629417542
1.2712121372195808
3.3000001907348633
3.752546014275314
36.96702464758108
197.9391732098188
43.47826086956522
225.02745909553929
0.7652243589743589
0.8745478595478595
0.2095870632669082

TBF
39.44370752556347
80.66887169911354
1.1764706079574192
4.399999618530273
3.7723765885012703
43.21608411406478
160.67859659328624
55.55555555555556
235.45629344595235
0.77734375
0.7217918985776128
0.30563981417706937

TBF
37.447697885721425
77.39999465942383
1.1526316025931584
2.200000047683716
3.73451739435702
41.18221528007846
156.8051365119598
55.55555555555556
214.06890977334223
0.7483552631578947
0.7668518518518519
0.3261894083843428

TBF
28.19279248224707
59.49999618530274
1.0519231009082153
2.200000047683716
3.6092884472638382
31.80208092951094
180.76710432860105
41.46341463414634
192.04531618777787
0.7378472222222222
0.7926984126984127
0.2885898871724646

TBF
29.46979901290929
55.117340956206846
1.07647060895083
2.5
3.65277740893721
33.12257642184649
200.755318372861
27.27272727272727
182.53579467346435
0.6944444444444444
0.7373015873015873
0.25324734896890055

TBF
31.02216155687926
61.83673515600539
1.1853333540757498
3.3000001907348633
3.7131192429922737
34.73528079987152
194.55886180310816
45.07042253521127
225.37859124610773
0.7732371794871795
0.8091798941798942
0.28319265815192196

TBF
25.143348193909937
42.34919413172681
1.1125000205689244
2.299999952316284
3.6435326929938285
28.786880886903777
243.48161673711874
44.62809917355372
181.6609959528577
0.7416044776119403
0.7891269841269841
0.22543622557896628

TBF
30.806436674677318
57.39999675750733
1.1950000207871199
2.5
3.745578746526067
34.552015421203365
211.0952750210337
52.976190476190474
240.3239443112481
0.803006329113924
0.8320634920634921
0.28037319386963233

TBF
33.75404251888755
69.32887453088726
1.2484375190688297
3.1999998092651367
3.759203805871731
37.513246324759315
176.49236689864804
40.310077519379846
215.56825837412754
0.7426948051948052
0.7707936507936507
0.27501039730701554

TBF
27.031884945754413
45.70866527603285
1.019565236147331
3.4000000953674316
3.6097130408984497
30.641597986652872
182.53377721127268
20.54794520547945
145.04541452480368
0.6950431034482759
0.863821892393321
0.2941408714794122

TBF
27.20188644960178
50.40200796344143
1.1415094520966962
3.1999998092651367
3.694384985658686
30.896271435260463
210.95135845284344
31.132075471698112
202.49569231537595
0.7491438356164384
0.8405291005291005
0.22440208164025624

TBF
29.89423489594844
55.0999984741211
1.0479166861623526
2.5
3.58576760492248
33.48000250087093
193.0551514040619
28.431372549019606
198.68859214046432
0.7577054794520548
0.8200000000000001
0.34243092611456855

TBF
27.057383960352222
43.23527103281915
0.9957447012371206
2.0999999046325684
3.540130863106976
30.597514823459207
211.64035151539497
29.67032967032967
155.21910238546832
0.6787109375
0.769047619047619
0.27506400039476187

TBF
34.83275098209325
65.15727118877618
1.0017544074278129
2.5
3.618974756934286
38.45172573902753
174.2870526829836
43.18181818181818
193.06637283082952
0.7125
0.7992063492063491
0.32190363285202395

TBF
41.62778085926804
77.12790065481181
1.2894117931232734
3.3000001907348633
3.8595258691505236
45.48730672841856
195.1278649492931
62.96296296296296
270.8903351057278
0.7743055555555556
0.7661375661375661
0.3467614385643978

TBF
27.14867189319558
52.93695792827992
1.281034505058979
2.5
3.667695228441815
30.8163671216374
203.06603503152238
40.17857142857143
178.40331108344694
0.7276119402985075
0.7728571428571428
0.2542835725361449

TBF
30.083903007393605
60.975423314774766
1.0325000192970037
2.200000047683716
3.5671423859817555
33.65104539337538
161.2368290213597
25.0
154.19781317819888
0.6534090909090909
0.7661111111111112
0.24604084256374398

TBF
30.979415075529843
57.09999561309815
1.0014706103898146
2.5
3.650842749160791
34.63025782469068
183.8125495486696
55.69620253164557
191.85270367506598
0.75
0.6969047619047619
0.18034358730918956

TBF
34.56790707941557
70.24460349288988
1.007352959145518
2.5
3.6283097133622997
38.19621679277788
175.45467487219835
41.7910447761194
217.02229629016696
0.7692307692307693
0.7639417989417989
0.28626254622646874

TBF
27.294773726980043
57.613485776137196
1.1672727485949344
2.299999952316284
3.632083779428865
30.926857506408933
189.34408639018147
34.234234234234236
188.64604655233796
0.7063356164383562
0.7333333333333333
0.32474404231709664

TBF
43.54524466545982
81.69999351501465
1.2602564362952342
4.300000190734863
3.795284054742507
47.34052872020229
173.87594983596804
65.89147286821705
277.6231971885869
0.8309659090909091
0.73494708994709
0.31952007238609864

TBF
26.181651148663434
46.744680160259406
1.0941176700825785
3.1999998092651367
3.636584887233547
29.818236035896987
235.68757277095497
23.655913978494624
178.57054160243646
0.6866197183098591
0.7976757369614512
0.28232621372962946

TBF
30.0527159983071
59.22476629100834
0.9914893820247752
2.5
3.5880311751856175
33.64074717349271
157.1792595856598
19.736842105263158
138.87995713285218
0.6301229508196722
0.7583333333333332
0.33446233222889254

TBF
43.502673523318975
94.92705918253897
1.1573529633529045
3.3000001907348633
3.7463205535281396
47.248994076847126
139.18106935845833
58.549222797927456
228.63116166517236
0.75390625
0.7306782106782106
0.3290888784918356

TBF
36.45537720602407
67.6452860253844
1.2377358729828078
2.299999952316284
3.700266106745363
40.155643312769435
164.9576925015866
34.862385321100916
195.5597851863791
0.7438380281690141
0.8674074074074075
0.3242640649949694

TBF
31.371111380530138
66.81532578407393
1.2405405618451737
2.5
3.746022134167192
35.11713351469733
183.08108847507597
44.680851063829785
215.23851790211526
0.7371794871794872
0.7357407407407408
0.23926533093375907

TBF
29.235100774183184
57.678234073050156
1.0250000261108985
1.2000000476837158
3.5504003377738793
32.78550111195707
164.12126565490564
29.347826086956523
162.01447100881427
0.7019230769230769
0.8353968253968255
0.26196114790113045

TBF
35.22422564974844
81.59999351501465
1.1210526532248446
3.3000001907348633
3.7385169708486377
38.96274262059711
155.98607612516204
61.46341463414634
231.84379043610383
0.7832278481012658
0.8014529914529914
0.3410017932706753

TBF
26.593862028584603
46.026263300996
1.0428571573325567
2.0999999046325684
3.524678434757661
30.118540463342278
187.40839534464348
1.639344262295082
116.27661246469046
0.546875
0.7596825396825397
0.2556720723160957

