AFF
81.59765050108986
157.42979238293742
2.024137950791367
5.699999809265137
4.3692303683901565
85.96688086948002
99.79578537667578
89.0961262553802
234.88554486898934
0.7055921052631579
0.7730952380952381
0.26460958602868495

AFF
77.06324700748152
148.89999904930588
1.7982142989390664
5.699999809265137
4.196891854382686
81.26013886186426
92.40552856013367
87.60757314974182
212.65966013666508
0.7083333333333334
0.6948412698412697
0.20553183614440096

AFF
69.44887506975513
131.48089350618164
1.8901639665003682
6.200000286102295
4.281821344633454
73.73069641438865
104.81820082728952
86.8421052631579
213.56062052061327
0.7125
0.8021693121693121
0.15883986203877534

AFF
74.50449414715457
156.38760449235633
1.6929824913018627
5.200000286102295
4.105846721910733
78.61034086906531
83.50840019330896
86.62790697674419
201.4570011565271
0.7119565217391305
0.7323129251700682
0.17031927759434043

AFF
95.74977664644643
170.088049395883
1.6590164228052389
5.400000095367432
4.196266773489527
99.94604341993602
95.72465620101389
91.53924566768603
252.4876066497232
0.7228915662650602
0.6961111111111112
0.16727324457484594

AFF
87.16566361295925
152.14338567849953
1.7120000410079956
4.5
4.18371778203458
91.34938139499383
91.2544624855483
88.87122416534181
211.52268355681556
0.7232142857142857
0.7133333333333333
0.17231842026283875

AFF
86.31352512235794
165.78146160329055
1.703278693996492
4.5
4.156153846153847
90.46967896851174
89.84180937194327
89.3296853625171
232.37250000000012
0.7163461538461539
0.6361111111111111
0.23669558830353118

AFF
77.68657607869615
139.79999904930588
1.7837838192243833
5.200000286102295
4.148027667394357
81.83460374609047
101.67053763437778
88.21705426356588
226.96507704147837
0.7203947368421053
0.6389682539682541
0.22398663180797443

AFF
67.14654832607849
138.4999998092651
1.8959183825217947
4.5
4.194675036088002
71.34122336216649
90.90098126672618
85.89211618257261
203.75092684048815
0.7169117647058824
0.7355555555555555
0.1887600035102671

AFF
72.23396771424848
125.74972907934117
1.7849999964237213
4.5
4.141696442871596
76.3756641571201
88.35599683909773
87.62677484787018
184.38261226137553
0.7315573770491803
0.6768253968253968
0.21232167945508057

AFF
85.07297611561604
166.58914885866173
1.866129079172688
5.400000095367432
4.341980427547088
89.41495654316314
88.67955757028615
89.6792189679219
229.71491372886348
0.714527027027027
0.6670068027210884
0.285622261590072

AFF
90.10076492501574
156.28105647386602
2.066071459225246
5.200000286102295
4.186324784069082
94.28708970908474
79.97246380019438
88.77374784110536
191.0258332233678
0.7038461538461539
0.7395238095238096
0.24288035926934423

AFF
97.25856420347763
168.08879331987154
2.0868687160087354
6.300000190734863
4.449761837942264
101.70832604141985
115.0877678227273
91.20879120879121
314.439161842087
0.734375
0.6534920634920635
0.2346646536850974

AFF
85.48946779261271
144.50416194415308
2.0430555608537464
5.200000286102295
4.431812458372145
89.92128025098482
105.05239545759251
89.08045977011494
238.76831012721243
0.7105263157894737
0.724011544011544
0.22394423339224118

AFF
77.32926644938763
148.89999904930588
2.0238095692225864
5.200000286102295
4.389245505735274
81.71851195512289
100.70345090140174
87.33108108108108
233.17005969760936
0.7
0.756190476190476
0.23789428745110908

AFF
106.69222046793088
209.35231626372612
2.2870689630508423
5.699999809265137
4.573465358367058
111.26568582629794
101.81513833127141
91.64598842018196
336.6675008963052
0.7277227722772277
0.6202645502645503
0.28373676488822414

AFF
87.59458637124544
147.336435069255
2.1147059009355655
5.400000095367432
4.390048530828434
91.9846349020739
96.24388762816997
89.23076923076924
217.48004786849293
0.7071428571428572
0.7524338624338625
0.2139681520637209

AFF
68.3980127727275
125.67320442130745
1.3818181823600422
4.5
3.900058082337553
72.29807085506503
100.28266717363033
87.68718801996673
207.36092264846013
0.7246621621621622
0.6760317460317461
0.1250042080531546

AFF
70.09332643454638
146.29998998939988
2.0254902302050124
5.699999809265137
4.393817987794139
74.4871444223405
89.18919490893123
85.89473684210527
209.52617294707468
0.710820895522388
0.7585884353741497
0.20565120526330688

AFF
88.69107570776369
155.46842542610648
2.008064542326235
6.200000286102295
4.328200629393691
93.0192763371574
98.24018072055442
89.61218836565097
234.55350371894158
0.72
0.7566666666666665
0.22672322981480886

AFF
90.80547066073376
162.0156327637345
1.5061538769648626
4.400000095367432
4.03002444469701
94.83549510543074
93.57180606129346
90.311004784689
237.1417215449071
0.7268518518518519
0.7324603174603174
0.17856956240643795

AFF
71.42437064770469
132.9857056018639
1.8690476468985988
6.200000286102295
4.194967229410785
75.6193378771155
97.93949510285634
87.4296435272045
203.21460327789202
0.7220149253731343
0.783673469387755
0.19093713185909877

AFF
86.84665762879355
166.6999879866838
1.7904762199946813
5.200000286102295
4.247165297596054
91.0938229263896
88.90936110699224
89.13043478260869
230.60054798977814
0.725
0.7638888888888888
0.2398029055402221

AFF
76.83857612860943
129.90000028610226
1.5574468145979212
5.400000095367432
4.11995422345944
80.95853035206886
86.2439218154104
85.9090909090909
186.02787139086405
0.7258064516129032
0.623968253968254
0.2067643914044254

AFF
64.26117891451803
112.99999227821824
1.8936170390311708
4.699999809265137
4.17048380871658
68.4316627232346
104.0924513462943
85.29411764705883
190.0412622952295
0.7096153846153846
0.8040476190476191
0.16924452071529453

AFF
95.35109906802157
177.7864800413975
2.322388072512043
6.300000190734863
4.521899934198076
99.87299900221964
95.20888160369627
89.84088127294982
265.7982705657603
0.7093373493975904
0.7841005291005291
0.22235243149147432

AFF
86.9746366585612
168.06661088727168
2.173239477293592
5.200000286102295
4.385380482418229
91.36001714097942
90.01316357213247
89.067055393586
233.2901521360256
0.71
0.7876923076923076
0.2198941490624489

AFF
71.1788338407434
124.50245766986164
1.8999999913763492
4.5
4.235605460155883
75.41443930089928
102.571547305968
88.03571428571428
202.9016743728332
0.7164179104477612
0.7788888888888889
0.20675891990007203

AFF
98.22242793127289
170.499999526143
1.9975903967776931
6.300000190734863
4.541115014301771
102.76354294557454
100.25531919820381
90.9090909090909
272.9269100889968
0.7274096385542169
0.758361678004535
0.16633077974786023

AFF
68.45932238067475
139.80000171959398
1.5701754804243122
5.200000286102295
4.080952830904141
72.54027521157884
101.45830481397442
88.26291079812206
218.6635967383582
0.72
0.6409523809523808
0.22347212249450596

ANF
70.23641916186143
130.93400441755807
2.792753661888233
5.699999809265137
4.6597045581313745
74.89612371999286
130.84558779640093
80.1955990220049
264.18125415999765
0.6990740740740741
0.9771428571428571
0.20875980019361942

ANF
65.43676878832788
119.28281419354325
2.7645161648190792
6.200000286102295
4.746384558230943
70.18315334655884
130.2504647681662
76.48902821316614
254.2566314004907
0.715
0.9777777777777779
0.15039750130090954

ANF
45.423819579976566
89.81222624840807
2.629166701498131
6.200000286102295
4.541996520455982
49.96581610043257
151.3627101504785
66.50485436893204
219.3433199335972
0.7010869565217391
0.9888888888888889
0.1925074683075359

ANF













ANF
72.95609582435249
135.37705314668656
2.5353846564888953
5.200000286102295
4.660725545547917
77.6168213699004
121.4696670250931
78.67036011080333
258.3781380515958
0.7207792207792207
0.9377777777777779
0.1881113142516617

ANF
66.99934519925655
136.49999914467332
2.616326577353234
6.200000286102295
4.65527683434642
71.65462203360293
106.07752567234998
79.82954545454545
231.2288189364064
0.7077464788732394
0.9531746031746031
0.1706506986496096

ANF
66.2019554908198
121.3578230346545
2.819718365623078
6.300000190734863
4.905026922560567
71.1069824133803
132.44485152506402
78.88888888888889
273.2865345859525
0.7351973684210527
0.9420370370370371
0.18501558213759559

ANF
55.902851503560534
108.49108043689861
2.4250000437100727
5.200000286102295
4.515878509918052
60.41873001347858
139.84262424422647
77.0392749244713
251.1542077170767
0.7302631578947368
0.925952380952381
0.19616188404135995

ANF
60.71499677495704
106.29999923706053
2.620000059604645
6.200000286102295
4.684680491760648
65.39967726671769
120.45308520203412
76.11940298507463
208.2746636045111
0.69140625
0.9682539682539684
0.17583899973997777

ANF
39.57497619718085
75.7958652073879
2.610416722794374
5.200000286102295
4.408469697869288
43.983445895050124
157.07535033390585
60.49382716049383
204.2576713449031
0.720703125
0.9939393939393939
0.16651368402888314

ANF
54.88335619623415
111.4965134112723
2.411111147556868
5.200000286102295
4.683421067182245
59.5667772634164
143.34843942724197
71.69117647058823
254.18506662977478
0.7061688311688312
0.9842592592592593
0.19631947481767884

ANF
86.6047650787937
153.30000019073483
2.694736860953925
6.200000286102295
4.733330014143559
91.33809509293728
101.96740373167943
83.51893095768375
252.98081499861615
0.7246621621621622
0.9822222222222223
0.22170853767368545

ANF
50.30206214056267
85.23418415428013
2.4964285982506618
5.699999809265137
4.594758436089712
54.89682057665237
153.9496730555576
70.12987012987013
220.86879854125903
0.6956521739130435
0.9596371882086168
0.19189240756649958

ANF
56.84520759420271
106.04196286616724
2.640740763258051
6.200000286102295
4.645895758783096
61.49110335298583
139.68438502567236
75.4325259515571
233.38394915519996
0.7077464788732394
0.9793650793650794
0.13305112808696368

ANF
45.068963418972366
81.80000133514403
2.628571455854745
5.200000286102295
4.584468677688669
49.65343209666104
154.35990344588035
72.72727272727273
202.69486889211564
0.7023809523809523
0.9611111111111111
0.22617646873224334

ANF
45.09974578086149
86.31719323705786
2.7479166905395687
5.699999809265137
4.50382141963269
49.603567200494204
147.84344727288817
69.9074074074074
206.8562940998054
0.7038461538461539
0.9857142857142858
0.16064834778786805

ANF













ANF
62.3589281999632
121.2999997168779
2.79491524171021
5.699999809265137
4.7686110233273435
67.12753922329054
128.84416224381218
78.59237536656892
249.95895352717216
0.7191780821917808
0.9244155844155845
0.16585918087586451

ANF













ANF
69.69895354689608
139.79999065995213
2.6233333706855775
6.200000286102295
4.648321575151515
74.34727512204762
121.09650490582403
81.5668202764977
274.821122099796
0.740625
0.8957936507936508
0.15428300546256013

ANF













ANF
69.73323655812072
143.25518532362247
2.836111146542761
6.300000190734863
4.862311041957262
74.595547600078
114.57874597113502
78.53107344632768
259.5192293915639
0.7006578947368421
0.9412121212121213
0.24570878564927676

ANF
71.65406350181934
140.58367851100013
2.5285714605290974
5.699999809265137
4.644106472870697
76.29816997468998
105.2905928184838
76.72131147540983
236.39366968036478
0.7183098591549296
0.9714285714285714
0.3161343306347031

ANF
48.545867497644444
93.36692540865543
2.75400006249547
6.200000286102295
4.648502996841358
53.19437049448587
144.44544163025114
68.77828054298642
228.14931733630578
0.7119565217391305
0.9503968253968255
0.21764196286621199

ANF
45.52027128516303
86.02273821347686
2.291891918995896
5.400000095367432
4.330121449558691
49.85039273472172
130.92571277496154
65.3409090909091
189.12555631731018
0.7131147540983607
0.9771428571428572
0.18191938529936935

ANF
49.75532915008802
94.8177783670202
2.7050000220537185
6.300000190734863
4.556478552418466
54.31180770250648
119.40732909844773
69.27083333333334
191.49917594451716
0.7055084745762712
0.9638095238095238
0.22172613108767641

ANF
52.11420654861404
92.59430509296281
2.4131579205001654
5.400000095367432
4.402338085802601
56.51654463441664
128.22491036332568
72.6027397260274
187.6577138611171
0.7125
0.9583333333333334
0.10991614291241932

ANF
44.77647936472981
81.96686222842666
2.6750000412152573
6.300000190734863
4.7041295619393795
49.480608926669184
150.05358009424037
68.96551724137932
209.1781208506718
0.7083333333333334
0.9771428571428572
0.2231578757051107

ANF













ANF
103.52879467779562
180.79429144458808
2.500000020167951
5.200000286102295
4.580971948608671
108.10976662640421
84.02411629118244
87.52136752136752
239.49071418632474
0.714041095890411
0.9385435992578851
0.2310134003123456

LBG
64.83913260068469
113.62311012514579
1.4985915872622544
5.200000286102295
4.1638727256890276
69.00300532637374
140.06303973284741
81.75965665236052
253.0568862626756
0.7147058823529412
0.6538888888888887
0.18546131233215124

LBG
58.92110543958176
104.40000047683715
1.409259254457774
4.400000095367432
3.943822461040877
62.86492790062268
121.33716075353142
83.97435897435898
217.34001343354933
0.73
0.6559788359788359
0.20039494958913434

LBG
52.826118315735464
85.22705511007828
1.702083348762244
4.5
4.132687183442671
56.95880549917812
140.6625448478024
77.59197324414716
193.40253096799432
0.6996268656716418
0.6733333333333333
0.16033029383082992

LBG
79.99220958312499
149.60830182136073
1.645333359738191
6.200000286102295
4.1712755661501095
84.16348514927508
109.09147607286297
85.35353535353535
259.19076793752237
0.7155172413793104
0.6832804232804234
0.15433559697514357

LBG













LBG
65.65186713705825
126.13027053840533
1.5240000184377034
6.200000286102295
4.1123984881858116
69.76426562524405
128.4737187859437
82.24489795918367
256.1690013541242
0.7155172413793104
0.5942207792207793
0.2563542935751562

LBG
91.91871446140007
156.5999888449907
1.5158730329029144
5.200000286102295
4.068027835844614
95.98674229724466
96.31148214156816
87.32612055641422
242.33121190444388
0.7271341463414634
0.6333333333333333
0.36612697429269436

LBG
58.75455056257933
100.31765355170263
1.7780000257492066
5.400000095367432
4.015410676000686
62.76996123858002
125.15180490254478
79.71428571428572
207.70061849703657
0.7235915492957746
0.6680158730158731
0.18048265221138562

LBG
62.11045784504505
107.29351726067037
1.500000009579318
5.200000286102295
4.128891495418147
66.23934934046324
140.21362227848505
84.85401459854015
244.96216963504742
0.7183734939759037
0.6504761904761905
0.1288595967271506

LBG
49.938430646605035
100.3999993354082
1.4740740877610665
4.699999809265137
3.999316432948807
53.93774707955382
124.20864583779041
77.7439024390244
208.83007470394728
0.714041095890411
0.6711111111111111
0.22636109410969307

LBG
45.685111135396404
103.59999227523802
1.5447369092389156
4.300000190734863
3.9049672721305293
49.59007840752692
97.48710940961297
75.0
162.38102724587387
0.69375
0.6714285714285714
0.24875419920454503

LBG
59.24135182268095
92.38028092131437
1.7838710142720131
6.300000190734863
4.226608502832116
63.467960325513076
151.60107484347603
83.4090909090909
227.28931553005847
0.7345890410958904
0.68994708994709
0.21881908149921722

LBG
60.22573029648404
100.90045923186719
1.6542373127856498
6.300000190734863
4.141914204737617
64.36764450122165
126.24435075903743
77.38853503184714
211.85791208843617
0.7183098591549296
0.5955555555555556
0.18438416405631763

LBG
60.061102951938715
111.39999256134031
1.5260869880085406
5.400000095367432
4.038001163537885
64.09910411547658
123.58202480893189
82.56880733944955
221.97606632165943
0.725328947368421
0.6364285714285713
0.2630672547949309

LBG
52.470339925546114
101.51763037369119
1.644000027179718
5.200000286102295
4.18277208058117
56.65311200612727
110.20959765991978
74.6938775510204
183.65390174702452
0.7076612903225806
0.6963435374149659
0.2715819337869113

LBG
55.1782741683734
94.67263255034288
1.701333368619283
5.400000095367432
4.071855471911375
59.25012964028481
147.75157351638754
80.0498753117207
232.45382831468257
0.7078125
0.6820634920634919
0.26672455383095406

LBG
55.67369933383238
94.29999323189259
1.7365079645126584
6.200000286102295
4.241196997476612
59.914896331308945
145.371204086434
79.68337730870712
234.31662660427452
0.7207792207792207
0.6491919191919192
0.25226631622693224

LBG
61.83118229350921
121.50000009536741
1.8318840863480084
6.200000286102295
4.223261956419254
66.05444424992847
127.11813420894502
81.48148148148148
234.66821783107267
0.6984375
0.7154700854700855
0.20984750395854418

LBG
57.23940586026322
106.59999895095824
1.0629629674885008
4.699999809265137
3.8424036962060986
61.08180955646934
125.59504005753561
77.65042979942693
216.41811622805687
0.7259615384615384
0.6057407407407407
0.2940867863544694

LBG
63.15093483127997
121.69999961853024
2.040845116154409
6.300000190734863
4.422731313819555
67.5736661450995
133.10162051695286
82.27848101265823
272.17457203861255
0.7321428571428571
0.7208658008658007
0.21662951124726462

LBG
98.81587308938126
177.617691967236
1.6750000374657767
5.200000286102295
4.285857898838752
103.10173098821998
104.2167387873254
87.66578249336871
293.4485884440032
0.7338709677419355
0.7345177045177045
0.39399310030962986

LBG
67.80408954294265
130.6999990493059
1.4883117177463197
4.300000190734863
4.102702196878334
71.906791739821
110.12527648478553
81.64705882352942
228.99057851738294
0.7163461538461539
0.6613636363636364
0.24769678896081695

LBG
54.831923659259814
91.90748945738586
1.5016667123883962
5.200000286102295
3.9227100009853895
58.754633660245176
131.20423263039368
80.22284122562674
199.91430755247202
0.7183098591549296
0.6860052910052908
0.18427744839171048

LBG
51.720828249321286
108.49999332427976
1.5129629943381857
6.200000286102295
4.043767043989173
55.76459529331046
124.14938447125775
79.83651226158038
214.01157094139916
0.714527027027027
0.6346825396825397
0.23709978681886537

LBG
54.021179520180205
91.50324384592697
1.4018182039260865
4.399999618530273
3.9847363618367617
58.00591588201696
130.61823704105004
78.44311377245509
203.53576353918527
0.7083333333333334
0.6672486772486772
0.20438278126756781

LBG
82.6189082258176
150.756767834291
1.7012195450867094
6.200000286102295
4.290908839469805
86.9098170652874
122.49636948218908
87.56544502617801
294.68725481222384
0.7263157894736842
0.6998051948051949
0.23994720579067205

LBG
55.081027572707626
93.05232829381877
1.5727272878993641
5.699999809265137
4.143030352082198
59.22405792478983
146.17512081056876
80.59701492537313
230.02227559680847
0.7067307692307693
0.7026984126984125
0.27500686401339386

LBG
59.911437998066035
101.98806013627903
1.5851063829787233
5.400000095367432
4.07673162971471
63.98816962778076
121.37650257355158
79.41176470588235
204.4059105600224
0.7178571428571429
0.6286507936507937
0.20447699495638597

LBG
51.50845904711223
94.5266738656365
1.2384615723903363
6.200000286102295
3.915977879229159
55.42443692634137
139.52025627489965
78.16091954022988
211.44911955803116
0.7105263157894737
0.6508201058201057
0.17369897032103299

LBG
53.3078547761709
88.50000028610229
1.3977777904934354
4.300000190734863
4.032919020712406
57.34077379688332
133.66640959615722
78.36990595611285
191.55855932186708
0.6902173913043478
0.6481481481481481
0.17482431740489515

LFF
50.064732651167766
124.44507682017533
1.1079545482485131
4.400000095367432
3.832979600037869
53.89771225120564
121.00592442968875
76.53333333333333
242.34165360249972
0.7201704545454546
0.6008201058201058
0.23690446569885293

LFF
55.005107070365
126.39999113380907
1.3881356163045107
5.699999809265137
3.8975199115842845
58.90262698194932
107.6514268852759
79.58656330749353
219.69305476136907
0.7120253164556962
0.5926358826358826
0.24669137349785863

LFF
46.4933824001925
116.1999993354082
1.4219512532397014
4.699999809265137
4.084473854077477
50.57785625426994
129.5228030555026
78.57142857142857
237.44271805800383
0.6919642857142857
0.6898148148148149
0.2915625347294184

LFF
38.312503986592205
84.52700924041648
1.1293333530426026
6.200000286102295
3.8338578383710713
42.14636182496326
151.47026697845473
75.54179566563467
219.16107688548828
0.7215189873417721
0.5176575276575276
0.1798882221092968

LFF
33.73267721225859
60.660744229240066
1.3545454480431296
4.099999904632568
3.827857366739787
37.56053457899837
197.62168236226574
65.40284360189574
191.48519082900336
0.6832191780821918
0.642962962962963
0.16230838626107713

LFF
26.15616328212431
56.10103646032771
0.5875000089872628
2.200000047683716
3.3776140123826552
29.533777294506958
150.6127935767516
49.122807017543856
134.1687095386456
0.6853448275862069
0.6311111111111111
0.19267974095179424

LFF
31.136057142170696
57.43067086884411
1.1072727433659815
3.0
3.7074229994460866
34.84348014161679
173.28487186365305
55.55555555555556
169.2563039734122
0.71484375
0.5756802721088435
0.17607222502163353

LFF
30.172584981410196
78.50000133812428
0.8686274631935007
3.3000001907348633
3.518641436847015
33.69122641825721
136.42809516380947
56.52173913043478
162.56779939275637
0.6589285714285714
0.5101587301587301
0.20962222340066447

LFF
42.91149839826374
97.07901734093522
1.8848101712668999
6.300000190734863
4.1236058862749045
47.03510428453867
144.25033069217048
75.92592592592592
221.1084443470821
0.6875
0.655064935064935
0.15121687919149743

LFF
45.36055000981688
107.36450137536632
1.03913044627162
4.300000190734863
3.78576927921256
49.14631928902945
132.6690277760385
76.6016713091922
221.53770527899252
0.6964285714285714
0.5933862433862432
0.25379541878581596

LFF
59.688537090727344
122.25093037799253
1.2895522431206348
4.399999618530273
3.9278820128250347
63.61641910355233
116.0350410626467
77.14285714285715
219.63792076950224
0.6984375
0.6002020202020203
0.17788504929217874

LFF
31.850997611606335
58.98830451195287
1.135000027095278
3.3000001907348633
3.6426080145372546
35.4936056261436
187.75317717045428
57.831325301204814
176.19192076320599
0.6910714285714286
0.5169841269841269
0.1882744063854211

LFF
33.13723503312937
67.02865002591535
1.1863636482845654
4.300000190734863
3.5810404885932847
36.71827552172264
140.8728606501934
62.19512195121951
153.78338271958785
0.6895161290322581
0.5679797979797979
0.24552456095478492

LFF
37.52895228779054
91.50910957840463
1.0460317790035218
4.300000190734863
3.641137370406781
41.17008965819732
139.28722382302172
67.60000000000001
209.37895998161713
0.7083333333333334
0.5426190476190477
0.2391721555045286

LFF
39.76069343478723
74.69141977144872
1.3089552423847255
5.400000095367432
3.9541870570762265
43.71488049186346
169.74764556526517
73.8831615120275
217.4825050958662
0.725328947368421
0.6292592592592592
0.17098164759824083

LFF
43.74977296107556
115.24586051672323
1.0338709785813285
6.200000286102295
3.808851634508718
47.558624595584284
111.69784441121298
74.42622950819671
211.8523542522453
0.7163461538461539
0.5740740740740741
0.20765766424553048

LFF
42.33741338938455
99.39936654416982
1.0823529584004599
4.099999904632568
3.731099811685676
46.06851320107022
133.07246116918907
67.8714859437751
210.07348870114063
0.703125
0.5950680272108844
0.24468970150595223

LFF
48.20631179507862
111.27823076956231
1.0388889059217439
5.200000286102295
3.7667735858542404
51.97308538093283
123.97064826018625
73.89937106918238
220.54207785971323
0.7093373493975904
0.5859523809523809
0.28133045924623235

LFF
32.63960393138843
60.44607043715134
1.1280000081658363
4.400000095367432
3.738260134122052
36.37786406551051
182.45461853573056
62.295081967213115
180.116555978326
0.7010869565217391
0.6010582010582011
0.1909463721077546

LFF
49.7814041372516
113.09739175966934
1.3341772328071957
5.200000286102295
3.9780426440302494
53.759446781281866
136.71579859011706
80.09049773755656
242.78025831072347
0.6946022727272727
0.5802380952380953
0.24244079712713246

LFF
61.54495979563434
129.89999971687791
1.8320513389622555
6.200000286102295
4.120145652046215
65.66510544768053
109.0537460747542
82.40534521158129
223.89806494186934
0.6835443037974683
0.6663492063492064
0.2265129863360865

LFF
46.12865056000971
101.64138246113583
1.368181819265539
5.699999809265137
3.953024784153892
50.08167534416357
139.72932278231565
76.57142857142857
225.3039935207799
0.6905487804878049
0.6519576719576718
0.17655891123404724

LFF
44.00300186731064
88.76620817113088
0.8196721421402009
4.099999904632568
3.592895029001859
47.595896896312524
142.8260053070741
70.7581227436823
206.91168650593158
0.7083333333333334
0.5275132275132275
0.1817074119234931

LFF
38.13483058193374
86.41422050392478
0.9283333532512188
4.300000190734863
3.67295563495907
41.80778621689281
148.83454749839106
71.42857142857143
202.79290464510578
0.7067307692307693
0.5768253968253968
0.26330157407858545

LFF
40.98708137236001
92.10337862794043
1.1479452153387135
6.200000286102295
3.855504531664181
44.84258590402421
143.82124602895507
71.9298245614035
218.79777189985103
0.7078125
0.5972222222222222
0.18496155704364356

LFF
36.00310342170345
75.81766860338955
1.1567164486023918
4.400000095367432
3.768193821973769
39.77129724367721
171.36577884683305
66.37554585152839
204.60208872542833
0.7012987012987013
0.5982395382395382
0.1869576102456068

LFF
38.22760905616386
89.94504351918309
1.0181818370792
3.4000000953674316
3.648729425281109
41.87633848144493
137.55074246071095
65.47085201793722
196.10410007279745
0.6964285714285714
0.5902116402116403
0.23513910956283768

LFF
26.981918522261967
51.33323365582467
0.815789498780903
2.3000001907348633
3.5328584794340845
30.514777001696043
178.84517333310444
53.78787878787878
145.00077543410944
0.6700819672131147
0.5907936507936505
0.1459455527589055

LFF
35.11162426121745
77.16491641986373
1.0775862143471324
4.099999904632568
3.6829160005294415
38.794540261746874
154.30721943236858
60.215053763440864
184.32826733493286
0.6739864864864865
0.5784656084656085
0.20610779935435183

LFF
54.63054701363134
131.7000000029802
1.5281250041443855
6.200000286102295
4.110643674398
58.741190688029356
101.94418714622321
82.05741626794259
218.36870668488763
0.71
0.6603607503607503
0.3024164845970826

RAN
88.02320641413463
157.88717246913154
2.740384628279851
6.300000190734863
4.61432600786757
92.63753242200227
95.2945217210785
83.56481481481481
239.18772279444886
0.7288732394366197
0.8794708994708995
0.3008298787914664

RAN
68.99272780509068
118.81564377937767
2.572463812711446
6.200000286102295
4.8366262288506405
73.82935403394134
129.2952937473047
79.05604719764013
239.4492828614393
0.6971830985915493
0.8683333333333334
0.2154824492686772

RAN













RAN













RAN
42.09493299364652
76.38330906782076
2.3935483924804197
6.300000190734863
4.315974779212861
46.41090777285938
128.45244420200902
51.75438596491229
162.8539592117008
0.6818181818181818
0.9144444444444445
0.14373891269478045

RAN













RAN













RAN
93.34818224127247
170.11685513438977
2.7684211082625807
6.300000190734863
4.784265593522768
98.1324478347952
106.34869610879501
85.06375227686704
282.4498340016505
0.7179878048780488
0.8621428571428571
0.20822283750502

RAN
53.96600949922916
93.37677416905471
2.9521739897520645
6.300000190734863
4.704158901572327
58.67016840080149
144.66642857116528
72.72727272727273
230.77602192353413
0.7065217391304348
0.9455555555555556
0.12900567382276068

RAN
69.35683476061448
145.66758568523807
2.7169492281341956
6.300000190734863
4.622455428348268
73.97929018896268
111.02892886339048
77.41935483870968
254.961800879824
0.711038961038961
0.8828042328042327
0.19878108488054214

RAN
72.89826539911581
123.81482352044236
2.4377358881932385
6.200000286102295
4.544175175593438
77.44244057470928
112.56859695528266
77.60252365930599
234.1248281003506
0.7235915492957746
0.8231746031746032
0.13125539909248612

RAN













RAN













RAN













RAN
55.116903477353624
105.8590805724733
2.674000048190355
6.300000190734863
4.595196276813865
59.71209975416747
135.33799160675483
73.22834645669292
224.13444851573087
0.7169117647058824
0.9058730158730159
0.12033574574330203

RAN
105.48448621091443
172.79999543130384
2.3263157982575264
5.400000095367432
4.509692491630556
109.99417870254496
87.0369389881892
87.52166377816292
235.17867635715487
0.7239583333333334
0.9171428571428571
0.2502155976547518

RAN
69.36434797921595
137.96387272408785
2.3839286203895296
6.300000190734863
4.470084693553927
73.83443267276989
116.10648816611815
80.25316455696202
253.2274545729047
0.7259615384615384
0.870952380952381
0.35265006914363495

RAN













RAN
77.11377430666893
134.633809084874
2.8382353151545807
6.300000190734863
4.751175235153022
81.8649495418219
109.1946989496948
79.82456140350878
236.8583184191691
0.7228260869565217
0.9283333333333333
0.2669861901360312

RAN
79.33766959069335
143.09999866783616
2.93970592582927
6.300000190734863
5.013983860092417
84.35165345078579
117.84786725117482
83.82978723404256
274.98958002526786
0.7203947368421053
0.8965873015873015
0.3324677156378385

RAN













RAN













RAN













RAN













RAN
49.61776558072796
123.76377252434358
2.706666668256124
5.400000095367432
4.581890501051058
54.19965608177901
118.14639282452094
70.46413502109705
219.43961165242968
0.6857142857142857
0.8291005291005291
0.12401971393816995

RAN
75.01792951501515
142.02354883415103
2.7218182390386407
6.300000190734863
4.630084042731794
79.6480135577469
109.00047178262007
80.0
240.75460119651464
0.714041095890411
0.8516666666666666
0.1333861061229225

RAN
47.345260734150294
88.40000028908253
2.9883721512417463
5.200000286102295
4.668689201412787
52.01394993556312
149.0810582410071
65.97938144329896
219.55011546993302
0.7159090909090909
0.8988095238095236
0.17344578553561832

RAN













RAN













RAN













TBF













TBF
70.3970128734456
140.73694014705057
1.840000026353768
6.300000190734863
4.205026818358723
74.60203969180426
117.00791765607865
82.90766208251473
255.31779490169657
0.6939655172413793
0.8290668590668592
0.14059410200989966

TBF
74.58843077669886
140.77317142365442
2.139705912264831
6.200000286102295
4.341706425640077
78.93013720233886
113.94967700542298
84.03846153846153
255.4137249960949
0.7093373493975904
0.8659259259259259
0.1381548895608166

TBF
88.6451702235413
174.59999857246868
2.1111111260122724
5.200000286102295
4.381125175177101
93.02629539871847
98.8331091348694
86.36363636363636
268.948417680306
0.7025862068965517
0.868068783068783
0.27130137241010766

TBF
69.68124026498137
125.8180751468437
2.0024390511396453
5.400000095367432
4.445739926781601
74.12698019176301
125.89991932702793
85.19195612431444
251.9587005173371
0.6944444444444444
0.8314141414141415
0.14081891880165445

TBF
60.00191722428864
112.01821769003553
1.8078431508996908
4.699999809265137
4.065995939423219
64.06791316371188
104.22792750728412
81.99445983379502
175.11730204688203
0.6576923076923077
0.8932539682539681
0.1870552789740459

TBF
55.44018141167725
107.0160784112503
1.8886792642890282
5.699999809265137
4.121925186069114
59.56210659774637
118.6381959945494
76.92307692307693
194.655083146174
0.6847826086956522
0.8516156462585035
0.1282318246336242

TBF
101.55859386308771
180.0999868422746
2.0347826422556587
5.400000095367432
4.356859674050039
105.91545353713771
96.34410397559638
88.93178893178893
269.92494914051304
0.7151162790697675
0.8756613756613756
0.2726843978072392

TBF
39.36952189479741
80.24509423824742
1.208333355685075
3.3000001907348633
3.8216250128117197
43.191146907609145
144.31112978544172
60.79545454545454
187.92925093959013
0.7119565217391305
0.8738888888888889
0.2785331155098056

TBF
59.46110590772037
121.6224232329372
1.8227848397402824
4.399999618530273
4.249571260608262
63.71067716832862
126.10948331860777
83.01075268817203
239.57760357423467
0.7120253164556962
0.7698148148148148
0.20164252839621336

TBF
50.32242261206333
100.50000152885912
1.8119403273979229
5.699999809265137
4.072510779192658
54.39493339125599
119.21119438289125
77.22772277227723
192.08493282322027
0.6793478260869565
0.8814625850340135
0.23624964076996735

TBF
79.21158143122938
148.51461643937608
1.7453333600362142
5.200000286102295
4.217652495293821
83.42923392652328
100.20168023276126
87.53943217665615
224.89461483261405
0.6693037974683544
0.7626190476190476
0.22966881445293985

TBF
51.98718760238914
111.20137330596992
1.8000000191231569
4.400000095367432
4.117223947698566
56.10441155008775
116.52656341499097
76.23762376237624
201.83259263983956
0.671875
0.8230952380952381
0.15141599004322978

TBF
42.80707815894177
84.00439779169955
1.6217391440725846
4.5
3.9300786548614752
46.73715681380324
146.66689079368476
67.27272727272727
196.59424723008576
0.6927083333333334
0.8187037037037037
0.12716161209282947

TBF
47.65801135576936
114.57633465841093
1.7296875179745257
5.699999809265137
4.080842174982118
51.73885353075148
118.75237500167248
75.9493670886076
219.73050404494765
0.7055921052631579
0.7785714285714285
0.18687561701521754

TBF
26.313444379600277
46.059153462778056
0.9620689885883495
1.2000000476837158
3.4418508037243276
29.7552951833246
148.89775518578838
40.50632911392405
98.57573333859875
0.6063829787234043
0.7849206349206349
0.14181611430335675

TBF
40.65875650849689
74.14467934577286
1.3468085356215214
3.3000001907348633
3.8479849076726307
44.506741416169525
154.68539397302564
66.17647058823529
181.7032189720587
0.6793478260869565
0.8527777777777777
0.2195959789159448

TBF













TBF
58.60843778160209
109.00751762759543
1.88115945490806
6.300000190734863
4.3170007753208655
62.925438556922956
123.35860100546824
81.21693121693121
215.62137253491272
0.7024647887323944
0.9152380952380953
0.20085332839126296

TBF
67.80102887062903
125.98883126188895
1.7730158938774987
4.300000190734863
4.163018138814823
71.96404700944386
116.38936538795421
81.29496402877699
233.01406112066712
0.7115384615384616
0.7925396825396824
0.24573120002388288

TBF
99.17158308456446
178.70000315308565
2.1797468650944625
6.200000286102295
4.462544768401091
103.63412785296559
98.2592652579363
89.04458598726114
269.7516375618703
0.6976744186046512
0.9076984126984127
0.19729963041172785

TBF
61.60345817600529
120.1000000953674
1.6254237620002132
4.400000095367432
4.020208705195202
65.62366688120048
109.64770008634953
80.67885117493474
203.91530855474232
0.6841216216216216
0.8624603174603175
0.3327693706203438

TBF
41.52425690285364
95.48179132082917
1.3786885450120832
3.5999999046325684
3.883885060659176
45.408141963512826
148.13775984987228
66.39344262295081
223.01739773540436
0.6996951219512195
0.8080952380952381
0.22890440935338546

TBF
68.75856280672738
134.3070155056264
1.8500000163912773
4.400000095367432
4.218741735712596
72.97730454243997
134.666492670397
84.98349834983499
262.2416234623848
0.6758241758241759
0.8242328042328041
0.30747378006317605

TBF
82.3572584801096
143.535267762526
2.14615388515477
6.300000190734863
4.145853004089648
86.50311148419921
92.53928775250962
86.41509433962264
208.2497701316894
0.6927083333333334
0.8260317460317459
0.17820063292371877

TBF
66.91622466536157
125.35242195768242
2.0068493272139603
6.300000190734863
4.267454197383908
71.18367886274547
123.06973476718338
84.55598455598455
241.11475184303467
0.7078125
0.8272751322751323
0.17048562532563863

TBF
44.10196067479794
97.6306242445928
1.410869591747937
4.400000095367432
3.871424276617695
47.973384951415674
120.40803900489293
71.42857142857143
177.764774433581
0.6589285714285714
0.8592063492063492
0.26036963495533205

TBF
48.75916172997262
108.57232817503508
1.4612245181081247
3.5999999046325684
3.8301730846935964
52.58933481466622
112.48461068540551
71.875
193.05934712833624
0.6979166666666666
0.8075396825396824
0.258435905902131

TBF
56.81241851507175
112.68483115046831
2.023188446310983
6.200000286102295
4.213624184400152
61.026042699471965
132.64882146062567
78.83597883597884
222.19495106400922
0.6515625
0.7764454064454065
0.21176325944554594

TBF
45.865207014564824
95.48257156902876
1.588333381091555
4.300000190734863
3.9873304058469716
49.85253742041181
128.02333165153695
64.94845360824742
180.44108368890056
0.65625
0.8709750566893425
0.27766012248249666

