AFF
37.409802274502646
59.11610752504553
0.31428572109767366
2.200000047683716
3.2118178867382188
40.62162016124086
161.92264716632016
56.80473372781065
164.1794160907185
0.7183219178082192
0.5125396825396825
1.3692710029451538

AFF
36.8574308851042
59.07476449317236
0.11785714966910225
3.3000001907348633
3.0706042232716513
39.92803510837587
169.36747678668343
56.17977528089888
165.13893996354005
0.7003205128205128
0.33423280423280427
1.430639789355505

AFF
41.99375137417341
102.81778519740845
0.44561403885222317
3.4000000953674316
3.3263532332182946
45.32010460739168
110.12608087951708
59.693877551020414
163.8778509469644
0.6487341772151899
0.4884126984126984
1.3306495641606835

AFF
35.87100046819437
56.81955511319951
0.3042553257434926
2.200000047683716
3.204019316097094
39.07501978429149
164.62653401860845
52.73972602739726
144.84281959860627
0.6621376811594203
0.3836507936507937
1.4558541061696615

AFF
39.16549581241434
66.86448076235796
0.401923092511984
3.3000001907348633
3.2989557922501067
42.46445160466445
139.1663756785452
53.74149659863946
136.99162039067957
0.6277573529411765
0.4782539682539682
1.1558944373906768

AFF
36.687750210775135
58.173115096304564
0.43650795164562406
3.3000001907348633
3.3643109722344344
40.052061183009556
172.71571859631266
56.09756097560976
146.921516180534
0.6241319444444444
0.42560846560846566
1.2775758134363107

AFF
38.39497286243181
69.30000267326832
0.5593750067055225
4.699999809265137
3.2998453980385314
41.69481826047035
115.19480104026043
54.61538461538461
125.32683127461125
0.6610169491525424
0.5015873015873016
1.3326328255437458

AFF
36.80446970862864
56.50000038146973
0.25882353502161365
4.400000095367432
3.199343530232243
40.00381323886086
165.47484276077887
56.80473372781065
161.88182430630815
0.7080479452054794
0.5382828282828283
1.2845882824150918

AFF
35.74985713891262
56.50000038146973
0.0820895540180491
2.200000047683716
3.0815537938428954
38.8314109327555
171.61198101384377
60.204081632653065
167.43015833864706
0.7019230769230769
0.40031746031746035
0.7214561703135538

AFF













AFF
35.2354530792677
56.528581573753506
0.4914893799639763
4.400000095367432
3.3002118140634398
38.53566489333117
161.19276253560884
59.883720930232556
135.30203430793912
0.6204710144927537
0.4692592592592593
0.9145434385777168

AFF













AFF
35.3100734372826
50.96977030304042
0.3000000092116269
4.400000095367432
3.182409996114212
38.49248343339679
170.67791508595909
55.62913907284768
139.54693091845456
0.6800373134328358
0.4329100529100529
1.31563405778508

AFF
33.69634035797654
61.84416546345934
0.2648148205545213
2.200000047683716
3.1561394610190128
36.85247981899556
157.3801421109062
51.94805194805194
136.28460870771866
0.5920608108108109
0.39587301587301593
1.6481558751512775

AFF













AFF
34.406423669664534
58.49373411466575
0.5876543389426337
4.400000095367432
3.4560496746395013
37.86247334430404
196.58182625319313
59.48717948717949
185.94121062258992
0.7215189873417721
0.45
1.0985905203749815

AFF
35.63957806847732
61.91022951281818
0.13750000463591683
3.3000001907348633
3.149145925716294
38.788723994193596
168.41198196361353
54.06976744186046
162.9733261602364
0.6645569620253164
0.4631481481481482
1.4598378576886728

AFF
34.71603434471661
54.658610502010184
0.12222222487131755
2.200000047683716
3.0907319553591117
37.80676630007572
171.54253733328562
51.74825174825175
144.0405965694981
0.6748188405797102
0.46753968253968253
0.6785725458479174

AFF













AFF
36.874105724680824
60.731255990158346
0.2095238140651158
2.200000047683716
3.146477387569057
40.02058311224983
167.457672520507
51.61290322580645
162.8712460714785
0.6925
0.38545454545454544
1.5356274472440044

AFF
34.45839859329784
60.177045356231154
0.06226415229293535
2.200000047683716
3.04836311679352
37.50676171009139
153.3168971702997
55.4140127388535
140.53115895253393
0.6642857142857143
0.3722222222222222
1.206224839517919

AFF
33.31079058155821
58.79845291093346
0.2465517315371283
4.400000095367432
3.175199230387344
36.48598981194554
189.40200225174297
57.75401069518716
188.0793951799688
0.7642405063291139
0.441005291005291
1.3171928350203892

AFF













AFF
32.88996941649261
53.60000191032887
0.24545454545454545
4.699999809265137
3.159743366279313
36.04971278277192
171.1988256279816
57.22543352601156
158.80849997335363
0.6934121621621622
0.4065608465608466
1.2839254738054526

AFF
36.40838135704656
61.94467269113144
0.22985075658826687
3.3000001907348633
3.196183558972918
39.60456491601947
171.63392756783944
53.44827586206896
159.63491456371483
0.6319444444444444
0.42407407407407405
1.4085449143373205

AFF
31.456673561520507
55.00353737564722
0.2902777890364329
4.400000095367432
3.3229219935674372
34.77959555508796
170.09783908070588
54.90196078431373
168.56905602115214
0.7572463768115942
0.46005772005772005
1.164541007285949

AFF
37.83198513259383
65.4278057478599
0.33478261767954065
3.3000001907348633
3.2117766820411213
41.04376181463497
170.84613752724928
60.66350710900474
169.8072869129501
0.6536144578313253
0.4022799422799423
1.1791803497499334

AFF
32.438598928152636
61.60788579659879
0.38000000823627816
4.400000095367432
3.2593523287089874
35.6979512568616
157.1105229202502
51.70068027210885
142.82592185581655
0.6320422535211268
0.43592592592592594
1.6845911851827564

AFF
32.921362566353224
47.82970138090509
0.2648148227621008
4.400000095367432
3.2090498695286955
36.13041243588193
192.36254980050276
55.4140127388535
150.79983883447974
0.6848214285714286
0.4053703703703703
1.4141718140421116

AFF
40.977991356449216
61.49039248021365
0.4000000143051147
3.4000000953674316
3.287837333480835
44.265828689930025
157.5761656727493
60.0
143.76409915128443
0.6599264705882353
0.4876190476190476
1.0328266641455959

ANF
29.700568772065555
47.40748223167811
2.074242454586607
3.5999999046325684
4.327083050710782
34.02765182277635
254.37790510526702
4.0
84.97523174911787
0.2717013888888889
1.0
0.6697716073634038

ANF
28.69703894663291
56.31726288767836
2.162686604172436
4.5
4.357532592704199
33.05457153933713
236.17327702877662
4.878048780487805
93.8755101254479
0.28365384615384615
1.0
0.5841126276928257

ANF
30.82502987415232
56.99508570396867
2.087301621361384
3.5999999046325684
4.357585511595935
35.18261538574826
234.90303531792938
6.172839506172839
113.07891487703311
0.34457236842105265
1.0
0.7572299640468015

ANF
27.456706776531515
46.06426386708723
2.1355555984708996
3.5999999046325684
4.145745228048492
31.602452004579998
222.2016968873771
4.6875
85.69678781930033
0.3391393442622951
1.0
0.5018845781649254

ANF
30.87711871892016
54.69855156192657
2.210666699409485
4.300000190734863
4.445323082071234
35.322441800991434
261.1954042363112
14.736842105263156
123.26852859692677
0.3425925925925926
1.0
0.7002325039253313

ANF
27.62018273686261
46.556024237681505
2.096296325877861
3.5999999046325684
4.308086328660802
31.928269065523427
273.43926265780993
5.0
107.46459763782178
0.32976973684210525
1.0
0.6894861923269912

ANF
28.348545833508386
50.331225484687614
1.9440000295639037
3.5999999046325684
4.209858460592402
32.55840429410081
224.10446484480107
4.10958904109589
95.46470597137444
0.32857142857142857
1.0
0.6665198688838981

ANF
26.581108285986332
49.732545083348064
2.124528322579726
4.5
4.330965577361891
30.912073863348258
254.99382710261958
6.172839506172839
114.76241186247609
0.3511513157894737
1.0
0.6830646893449659

ANF
30.95967463847907
53.37667499359995
2.045833366612593
4.5
4.229128818251895
35.18880345673095
211.52721716771896
10.95890410958904
76.09374101808811
0.28365384615384615
1.0
0.6322853030962408

ANF
29.737801735126663
46.33995189142761
2.0820000314712526
4.5
4.273266937910532
34.0110686730372
232.58134952865612
5.88235294117647
71.80152363834137
0.265625
1.0
0.5967278135329551

ANF
31.804203053875717
46.877110348486795
2.3118644387035046
4.400000095367432
4.457495005680072
36.26169805955577
262.0966278291699
5.194805194805195
111.02299050856762
0.3441780821917808
1.0
0.6794634801239412

ANF
28.224404624223926
47.83405262250243
2.3087719678878784
4.5
4.341098481321272
32.565503105545204
229.0557123845817
8.21917808219178
79.13065242849821
0.2835820895522388
1.0
0.5337113045076937

ANF
25.32691419459607
45.09966343526553
2.221739149611929
4.5
4.306523250124338
29.633437444720403
241.10915609571424
9.333333333333334
83.64833816730383
0.28860294117647056
1.0
0.559531518794024

ANF
28.500841990328066
44.641080050818246
2.2746479091509966
5.699999809265137
4.430194017081544
32.93103600740961
333.0052698183573
4.395604395604396
129.14818546026282
0.33764367816091956
1.0
0.620848680818407

ANF
30.862066549188057
49.58024747795925
2.1076923471230726
3.5999999046325684
4.2876309007932285
35.1496974499813
248.00095232668008
6.578947368421052
97.75151708233874
0.32130281690140844
1.0
0.5829822660714653

ANF
26.698512700109173
43.65323723736488
2.0000000283831643
3.5999999046325684
4.152032185827348
30.85054488593653
256.92441548503575
8.21917808219178
103.32022983177085
0.37033582089552236
1.0
0.6824229052930881

ANF
30.995434539701048
49.21256992530931
2.1340909478339283
4.5
4.4751514035204325
35.47058594322151
317.75372348088007
6.382978723404255
125.85315908620053
0.32173295454545453
1.0
0.686811111467063

ANF
31.26584957097697
46.8180758654614
2.324675361831467
4.5
4.464201819752425
35.73005139072941
278.84840172365267
16.304347826086957
113.57375771258089
0.3319805194805195
1.0
0.7109399319824672

ANF
32.87104548873132
49.63340815513977
1.9964286067656107
3.5999999046325684
4.185097870592272
37.0561433593236
214.76622244865075
10.666666666666668
90.90751439679713
0.3208955223880597
1.0
0.6314127202809723

ANF
29.637376428178662
46.59512477605009
2.1450980644600066
3.5999999046325684
4.34738001665199
33.98475644483068
264.7938660848881
7.792207792207792
106.34808376107445
0.3459507042253521
1.0
0.6587940804784271

ANF
26.89747309245625
43.20249951395086
2.0250000238418577
3.5999999046325684
4.166151065037098
31.06362415749336
253.96041789865248
6.944444444444445
95.87135057728676
0.34701492537313433
1.0
0.6787542020469736

ANF
25.799053224311912
42.44226832945272
2.1058823851978077
4.400000095367432
4.329549871695334
30.12860309600725
270.17286521748264
10.0
122.222176198462
0.3932291666666667
1.0
0.5956716527555371

ANF
31.472279000404715
43.1704287351832
2.0945454727519643
4.400000095367432
4.30413178226723
35.77641078267199
297.8911715980522
11.363636363636363
146.2621721183661
0.4407051282051282
1.0
0.5582026107336931

ANF
30.16426427502006
46.417155502011795
2.100000021592626
3.5999999046325684
4.32089502817671
34.48515930319675
266.96612044173025
3.896103896103896
114.03004290584224
0.35557432432432434
1.0
0.6876385243253266

ANF
30.657375445813834
57.46929096683442
2.2735294506830326
4.5
4.553332468342515
35.21070791415639
243.31515983163095
4.878048780487805
91.5081107490725
0.25801282051282054
1.0
0.5283862218797946

ANF
35.240842848849965
58.46495612271739
2.0862745327108048
4.5
4.349960563473917
39.59080341232389
202.0015992467593
13.750000000000002
77.53119485452525
0.266304347826087
0.9878787878787879
0.7341759678955357

ANF
28.1378108068582
46.16447950325721
2.316883137667334
5.699999809265137
4.4015417870543505
32.5393525939126
319.76541816511
8.51063829787234
124.74866674340916
0.342296511627907
1.0
0.6052112155305674

ANF
30.915050604041294
45.98991976910198
2.1389830779221097
4.400000095367432
4.313099204572127
35.228149808613466
282.4272841013539
5.88235294117647
126.63333355745341
0.36875
1.0
0.5619597362322217

ANF
30.83760544923243
46.528275908808105
2.2016129359122245
3.5999999046325684
4.440613387454755
35.2782188366872
286.1462558470298
7.142857142857142
122.5239682347991
0.3541666666666667
1.0
0.750412818026004

ANF
27.847974392819197
45.86608580540786
2.0454545707413643
3.5999999046325684
4.198402530244585
32.04637692306379
188.90814040461638
6.896551724137931
58.70840525053187
0.2650462962962963
1.0
0.5055149501694525

LBG













LBG
31.134271686462796
48.164581804653
0.14558824020273545
3.3000001907348633
3.134425322514686
34.26869700897748
221.66396549551203
30.973451327433626
90.51441304953407
0.37740384615384615
0.3664285714285715
0.47591564125325453

LBG
30.05903545607973
49.68560786904795
0.2808510749898058
3.3000001907348633
3.2171925152180187
33.27622797129774
162.39222082577916
40.0
97.94163046491784
0.5208333333333334
0.43396825396825395
0.5117573124856452

LBG
32.92100408125794
55.23106005624977
0.20428571871348788
4.400000095367432
3.1643368359836854
36.08534091724164
192.48996472728425
34.92063492063492
161.97114745991138
0.645579268292683
0.3487830687830688
0.7570501649611245

LBG
35.3392206183315
58.627843978777044
0.34634146167010793
4.699999809265137
3.305265591562909
38.64448620989442
200.0764222717192
43.790849673202615
123.51136396384251
0.4476744186046512
0.36222222222222217
0.557049886946323

LBG
34.04123854636237
53.60000191032887
0.310909087007696
4.699999809265137
3.2034836637919537
37.244722210154336
180.7894686349804
41.66666666666667
104.28489826414216
0.42857142857142855
0.37814814814814823
0.7009087316984172

LBG
30.978010682129227
47.60397272067284
0.08208955579729223
3.3000001907348633
3.066697952055252
34.04470863418448
233.40455858426378
34.58646616541353
134.4577639764217
0.5079022988505747
0.2805026455026455
0.5041144245986904

LBG
31.089263917810154
49.64611405550857
0.3200000091032548
4.400000095367432
3.2362234352438635
34.325487353054015
196.83884726669342
45.038167938931295
108.76710825972448
0.4730902777777778
0.41822751322751317
0.6819274438235202

LBG













LBG













LBG
30.31329873549378
56.15164600466834
0.2339622659503289
4.400000095367432
3.1512498338248336
33.464548569318616
163.56219193281095
33.64485981308411
94.59225069867676
0.42869718309859156
0.42089947089947094
0.579009367756682

LBG













LBG













LBG
29.18613377896845
63.99617367425743
0.2650000035762787
4.400000095367432
3.1876596693151993
32.373793448283664
168.9906669427887
31.932773109243694
112.90246793824916
0.44675925925925924
0.347965367965368
0.46488665033000404

LBG
29.857687083815712
49.03408043156328
0.4207547205799031
4.699999809265137
3.2204651641617326
33.07815224797745
188.93185197781878
33.63636363636363
90.61882667961154
0.3972602739726027
0.34611111111111115
0.663159410830059

LBG
36.41691409941146
55.30572431635275
0.07096774347366826
2.200000047683716
3.0668140856575965
39.483728185069104
169.99018980289614
36.666666666666664
115.08104930192155
0.4876644736842105
0.387037037037037
0.6180465435951376

LBG
36.75272079004178
54.74186272709386
0.13469388290327422
3.3000001907348633
3.090217124884938
39.84293791492672
162.26697244402143
40.67796610169492
93.75915146745695
0.4392857142857143
0.42857142857142855
0.42541487510091414

LBG













LBG
33.302006430637086
55.58135836212969
0.2755102040816326
4.699999809265137
3.1804493242089835
36.482455754846065
165.18578598868925
44.696969696969695
116.63413615584813
0.5136986301369864
0.44788359788359783
0.723617850431847

LBG
30.622916797259702
57.08882836343363
0.08148148324754503
4.400000095367432
3.072874884184486
33.69579168144419
159.1282383159996
33.94495412844037
115.31748231042997
0.5286458333333334
0.38812169312169315
0.6171279396203802

LBG
30.54403052754653
46.940728030197256
0.09649123225295753
3.3000001907348633
3.0765936244178955
33.62062415196441
204.80106104634646
36.58536585365854
131.50750521958432
0.5464743589743589
0.3887566137566137
0.6312826119113335

LBG
31.56764986969866
48.21495153440482
0.06470588375540341
2.200000047683716
3.0427086315827063
34.61035850128137
153.18304927522186
33.33333333333333
67.07183021507392
0.36770833333333336
0.4433333333333333
0.5949686113445858

LBG
26.787066825658087
47.835643596395265
0.2086207003429018
3.3000001907348633
3.1654142450864855
29.952481070744565
177.99019394789647
38.53211009174312
93.73349860737812
0.45242537313432835
0.3564625850340137
0.683734830550955

LBG
34.21734200401261
55.141376691961796
0.0
0.0
2.9991527629396897
37.216494766952295
171.64729569768073
38.01652892561984
88.0871988877575
0.39166666666666666
0.32857142857142857
0.4595696406038633

LBG













LBG
31.638855515236795
49.998993571065924
0.2291666716337204
4.400000095367432
3.161676634870898
34.80053215010769
165.7095344120337
41.284403669724774
71.76030235348468
0.361328125
0.42349206349206353
0.34699700912023435

LBG
33.95877900251606
48.87325159181528
0.4888889083155879
4.400000095367432
3.287979490465692
37.24675849298178
202.99335741106765
39.83739837398374
116.27188549428571
0.49408783783783783
0.3609523809523809
0.5523223220203352

LBG
34.63171827331528
55.01294449625978
0.02075471743097845
1.100000023841858
3.0171945108706884
37.648912784186
156.83689586169655
37.27272727272727
117.3597580345307
0.5634057971014492
0.3954081632653061
0.6088156357922248

LBG
31.195161797481052
50.19299139130659
0.11000000635782878
3.3000001907348633
3.0954688454269084
34.29063064290795
214.48967637830174
37.00787401574803
117.91854908697903
0.4828125
0.402962962962963
0.5729700770144707

LBG
32.15248083372182
50.84806808403078
0.2640000152587891
3.3000001907348633
3.1577282261208786
35.3102090598427
127.74514615987046
41.66666666666667
67.20623915991715
0.4375
0.6096296296296296
0.4729484173692483

LFF
23.225447523020378
36.99029112373659
0.049253732410829455
2.200000047683716
3.0421794415775807
26.267626964597948
258.4387859670742
8.235294117647058
59.679999555381414
0.25240384615384615
0.276984126984127
0.3106978850443759

LFF
21.94838523155843
42.85323225214892
0.14545453678477893
3.1999998092651367
3.094197727708262
25.04258295926669
256.5631232917231
13.978494623655912
56.89308519332574
0.2296875
0.21322751322751324
0.23554226123006225

LFF
22.147312394046164
39.64386619910588
0.0
0.0
2.999783156561659
25.14709555060782
248.5770063272544
6.578947368421052
47.05865102896945
0.22095070422535212
0.2474603174603175
0.15404986337193

LFF













LFF
20.573981721680777
39.89499309483127
0.0
0.0
2.9993001998941557
23.573281921574928
274.9739389238185
11.235955056179774
65.79522368488696
0.2776898734177215
0.2744781144781145
0.27488509646501286

LFF
24.58905747828266
40.074458059554225
0.0
0.0
2.9997851445860486
27.588842622868707
239.1711060839529
9.210526315789473
49.68564687205466
0.24003623188405798
0.234297052154195
0.2108652994281564

LFF
18.292132756822948
40.05519443092593
0.0
0.0
2.9997738804821004
21.291906637305054
283.2499936962972
5.617977528089887
67.30656436265514
0.26711309523809523
0.2244444444444445
0.3017333433174956

LFF
28.371436803813893
139.08696257510158
0.0
0.0
3.0
31.371436803813886
70.63191045690452
22.093023255813954
40.3125
0.20055970149253732
0.311734693877551
0.17041837588677425

LFF
15.4506018268223
35.41305701466312
0.0
0.0
2.999674937808867
18.45027676463117
198.46589727798846
1.8181818181818181
37.122805830209856
0.22916666666666666
0.3907596371882086
0.20898852071397597

LFF
18.912762134051043
38.82476735284065
0.0
0.0
2.999246545526094
21.912008679577127
274.83792836274205
3.75
55.489122001032996
0.24025974025974026
0.30989417989417983
0.2493339703906736

LFF
19.463595687692568
36.50051885845904
0.0
0.0
2.998796027056673
22.46239171474924
249.36701796146482
4.3478260869565215
50.980170327716976
0.25757575757575757
0.27174603174603174
0.17457687283310888

LFF
17.22949338225354
33.648693609466385
0.0
0.0
2.9985935698839117
20.22808695213746
301.23184601178593
6.329113924050633
74.0343255662857
0.33361486486486486
0.31129870129870135
0.30493315012408445

LFF
21.120362770499952
39.83764331983394
0.0
0.0
2.9992233988945878
24.119586169394545
243.97246664372932
7.894736842105263
54.54513994918645
0.2598214285714286
0.26071428571428573
0.26581995209463466

LFF
21.150562713630016
38.099331057527884
0.0
0.0
2.998700186672383
24.149262900302393
312.35372749984896
4.444444444444445
77.58266335151094
0.3008720930232558
0.22330687830687831
0.30588656511378615

LFF
23.924323543138957
40.18798787318566
0.0
0.0
2.997846914752583
26.92217045789155
266.2027110582997
7.228915662650602
53.029388054548406
0.2297077922077922
0.2632010582010582
0.22946780269367364

LFF
23.158799280060176
40.24807564098405
0.0
0.0
2.999662801077757
26.158462081137927
238.21538345709914
5.47945205479452
43.3074621334199
0.20923913043478262
0.2851587301587301
0.20346110718712007

LFF
20.37652400160014
41.81776784069043
0.0
0.0
2.999290327547708
23.37581432914784
206.49006562960403
8.450704225352112
44.42885086698769
0.22788461538461538
0.30907407407407406
0.3075479294256564

LFF
30.91146105833223
45.25477109650232
0.09361702330569004
2.200000047683716
3.0615236970061317
33.97298475533836
178.09027591233985
8.695652173913043
45.48968670783432
0.23511904761904762
0.3608994708994709
0.223958911230876

LFF
20.973534122952657
37.43529875804794
0.038095239609006855
1.2000000476837158
3.0259414078649898
23.999475530817644
301.6589116789317
12.903225806451612
59.31465228561527
0.24228395061728394
0.23317460317460317
0.16689575096991324

LFF
25.875342802761676
40.05127751831149
0.0
0.0
2.998419433476379
28.873762236238054
263.57602950312884
7.317073170731707
57.152397782953486
0.25082236842105265
0.22637566137566137
0.19753084077778876

LFF
26.471015416928108
138.34234522762338
0.0
0.0
2.999776009066947
29.470791425995078
89.01929651845056
20.754716981132077
70.68418548678952
0.2805059523809524
0.19542328042328044
0.2302068313467161

LFF













LFF
19.700105956660764
39.85989365348927
0.0
0.0
2.9921354588775473
22.69224141553829
226.42879886757726
9.722222222222223
60.034495825886076
0.3096153846153846
0.31746031746031744
0.2698964884053109

LFF
20.876774073587647
39.91605037152234
0.0
0.0
2.9994456974954216
23.87621977108307
226.1338855324706
7.142857142857142
38.24496589084433
0.19615384615384615
0.29277777777777775
0.21685466862725314

LFF
21.46110563983715
38.64742609957122
0.0
0.0
3.0
24.46110563983715
225.82034022455278
10.0
37.6875
0.19940476190476192
0.3190476190476191
0.26000544686775295

LFF
18.99987649594146
39.524234231691516
0.0
0.0
2.9989831021440994
21.998859598085552
277.3601496263551
5.952380952380952
59.79011433092407
0.252373417721519
0.20785714285714288
0.17527046663676096

LFF
23.104459079572365
39.89745513791966
0.0
0.0
2.9992765205722933
26.10373560014466
264.5167786062916
3.79746835443038
55.112548278318066
0.24177631578947367
0.2305844155844156
0.22936203278591386

LFF
21.454963450840275
38.45245597347446
0.0
0.0
2.9991305818659018
24.45409403270617
241.28229090935397
4.285714285714286
44.43211397485677
0.22108208955223882
0.2656349206349207
0.22172344133623742

LFF
23.166415722173532
41.819257554342244
0.02857142919069761
2.200000047683716
3.029570631198182
26.19598635337171
282.34243110939656
9.278350515463918
72.56096930113002
0.2727272727272727
0.21455026455026455
0.19927322047276635

LFF
21.05722342187672
42.61612022247884
0.0
0.0
2.999890466064369
24.057113887941085
203.0568054115816
4.411764705882353
38.0620550183865
0.1951923076923077
0.3068253968253968
0.16733808493587654

RAN
35.57139032907889
62.07207915226887
2.242372934343451
5.400000095367432
4.373162549138055
39.94455287821693
195.70799596681326
20.930232558139537
63.877532434273476
0.21691176470588236
0.8751226551226552
0.3032489974112965

RAN
38.941836299274655
213.24996972306087
2.251162847807241
5.699999809265137
4.417902136879382
43.359738436154046
60.217942443654835
46.42857142857143
50.964840266461394
0.19166666666666668
0.9342403628117913
0.2030885478379111

RAN













RAN













RAN
35.66591592885247
59.03727565539527
2.4757895053217287
5.699999809265137
4.7111756096053385
40.37709153845784
278.07654721562454
26.72413793103448
106.45958767856658
0.2691176470588235
0.8505875077303647
0.44726490963991355

RAN
34.10056457659605
98.39999924153086
2.4978723957183515
4.699999809265137
4.394792838346836
38.49535741494289
144.8917333608671
24.719101123595504
52.99186751132588
0.17630597014925373
0.8693650793650795
0.2708023887638402

RAN













RAN
28.01918136302105
45.50000133514405
2.2136364268759885
5.400000095367432
4.511101461137371
32.53028282415843
291.68599380574335
21.21212121212121
90.7895036223949
0.2516025641025641
0.9194708994708997
0.39076800292209996

RAN













RAN
26.349637646857342
43.340866409013834
2.453488449717677
4.300000190734863
4.347973992327982
30.697611639185325
236.85764475831468
7.352941176470589
68.80872799910402
0.24801587301587302
0.9588888888888889
0.3507803044912833

RAN













RAN
32.36037888805362
52.02306544537183
2.3456521941267927
5.699999809265137
4.315778082031983
36.6761569700856
214.8253886156842
16.25
64.67540343167158
0.2248134328358209
0.8255555555555555
0.301043984052627

RAN
34.82146558810756
110.7999969527125
2.3040000414848327
5.400000095367432
4.365374016778879
39.18683960488643
139.91228443803496
24.742268041237114
70.29890162908296
0.22003424657534246
0.8251851851851852
0.4683189168796647

RAN













RAN
31.993852041299835
89.95782073137164
2.2361111309793262
4.400000095367432
4.227986389504346
36.2218384308042
120.98720988951764
25.64102564102564
43.68023237427648
0.17995689655172414
0.9066666666666667
0.22844163297013412

RAN
28.360919622059203
44.7037082538042
2.1716667231172324
4.5
4.565362906443915
32.92628252850313
283.128209126577
24.752475247524753
78.4133464799232
0.22121710526315788
0.8271957671957673
0.2725933673537249

RAN
33.04864382457193
61.0532353805128
2.1958333452542624
4.699999809265137
4.52455756674757
37.57320139131951
186.76700164720873
19.230769230769234
58.19489873176096
0.20734126984126985
0.9267195767195767
0.3236001480360452

RAN
35.86883601396986
65.0590460146293
2.4666667060246543
5.400000095367432
4.7087080901700205
40.5775441041399
220.1941319758314
25.71428571428571
90.11426132507145
0.24278846153846154
0.8419841269841268
0.38996874449910185

RAN
31.16388077061067
49.48522847271159
2.2264706439831676
5.400000095367432
4.460183073535971
35.62406384414668
266.8416882565623
18.085106382978726
86.67813180993248
0.2556818181818182
0.8322751322751323
0.43317587411469327

RAN
45.08040529805435
247.47157990797396
1.9625000341071024
4.699999809265137
4.451566268453035
49.53197156650738
77.31231441108855
44.936708860759495
98.555862564386
0.2543103448275862
0.8152380952380953
0.2545634269565034

RAN
38.61758660241743
79.17009262676095
2.554761971746172
4.699999809265137
4.513186065017277
43.130772667434705
153.3550506333432
34.065934065934066
49.47256436513103
0.18020833333333333
0.9243197278911565
0.25828017367514156

RAN













RAN













RAN
34.56578638389836
60.0655942265138
2.2833333726972342
5.699999809265137
4.558601096769689
39.124387480668055
230.3148934722212
15.555555555555555
74.27198671999325
0.20970394736842105
0.8215873015873016
0.22410878012021107

RAN
32.45470749870476
63.09999962151051
2.3456522221474545
4.5
4.487503810821982
36.942211309526755
199.6136031903426
17.857142857142858
73.00163949180508
0.23278985507246377
0.8459523809523809
0.47223258944016494

RAN













RAN
31.115675937355014
52.281792544254785
2.487692370437659
4.699999809265137
4.5284201185052
35.6440960558602
270.01662745451944
16.666666666666664
77.7621757579807
0.2125
0.8303174603174602
0.2990247923641862

RAN
40.17245639417822
108.4032862089986
2.6084746239801584
5.400000095367432
4.720632517817457
44.89308891199571
148.56727725521722
45.98540145985402
79.90653810022978
0.22635135135135134
0.8244973544973544
0.38765937421981644

RAN
34.39391906250234
53.21999202284999
2.5828571353639873
5.699999809265137
4.519432231969825
38.91335129447217
194.56359967710736
13.636363636363635
46.273710433401625
0.17653508771929824
0.897936507936508
0.25184741524164483

RAN
45.52071096704129
336.90000048130764
2.4604651345763098
5.400000095367432
4.431472624645998
49.95218359168731
42.38459270647943
51.49253731343284
52.467106575272375
0.18076923076923077
0.8504761904761904
0.22799240918271488

TBF
27.991157213087718
56.09999895095826
1.0532258311586995
3.3000001907348633
3.602769497293497
31.593926710381197
195.62982458103593
10.588235294117647
51.79317837591293
0.18585526315789475
0.7468820861678005
0.43028856559805

TBF
23.70411010359904
45.116384569881774
1.0607843339151026
2.0999999046325684
3.5494459129204836
27.253556016519536
209.94719016275698
0.0
47.07544084002443
0.1948529411764706
0.7947619047619049
0.4317278501405114

TBF
26.089083075337822
41.46451946226092
0.9030769382531826
2.200000047683716
3.5699366966583415
29.659019771996185
291.0837559716508
5.813953488372093
52.48020401687416
0.18364197530864199
0.7165079365079365
0.27919622723889853

TBF
23.68378212763034
42.69467981936067
0.8481481628561461
2.5
3.521720227716973
27.205502355347313
235.22863974270263
0.0
43.0539715445063
0.18290441176470587
0.7971428571428572
0.35915376685720574

TBF
25.535847921980757
45.911522498774865
1.036363656660824
2.200000047683716
3.6191864888191336
29.155034410799917
231.41116964058105
6.493506493506493
43.83753910268176
0.16493055555555555
0.7883597883597883
0.35450354408387874

TBF
24.515729562259136
45.03257387064087
0.979661034830546
2.5
3.6349696179199285
28.15069918017906
226.3341659042737
2.73972602739726
42.304512297156876
0.16109154929577466
0.743968253968254
0.30796466811353945

TBF
22.869969011437238
41.15410956295068
0.6816326677799225
1.100000023841858
3.422023011126464
26.291992022563708
201.13688392017275
3.3333333333333335
34.82883730888058
0.17672413793103448
0.8200000000000001
0.3137728895521115

TBF
24.484028831092278
44.600448025077235
1.0462686785343867
2.5
3.567717151233155
28.051745982325436
258.5930858181819
0.0
64.12142958733426
0.21951219512195122
0.8033597883597884
0.5311224110043664

TBF













TBF
21.51639470428909
39.11651888421253
0.9526315970640433
2.0999999046325684
3.553921800365911
25.070316504654997
278.54464093686374
4.054054054054054
55.74529063998602
0.22007042253521128
0.7510667903525047
0.41468716913305437

TBF
24.07250966841976
41.31963289851165
0.6775000111199916
2.200000047683716
3.5044072115604443
27.576916879980228
301.0226632294327
15.151515151515152
81.05520353153109
0.28273809523809523
0.6534343434343434
0.48594210826699946

TBF
22.840895411344007
47.93723986791196
0.8806451794601255
2.5
3.526688760812404
26.367584172156437
224.41616201732438
0.0
51.81814736463004
0.19155844155844157
0.7653968253968254
0.34104521934329535

TBF
22.852156182072036
39.381698086096414
1.0600000220995682
2.5
3.610943296338878
26.463099478410903
306.23229331096707
0.0
61.19803702388998
0.2171474358974359
0.7943915343915344
0.48874129335771815

TBF
24.28361042279934
41.48961682359464
1.160000022749106
2.200000047683716
3.606177306623899
27.88978772942325
258.5691668880241
9.876543209876543
49.43996346765191
0.18664383561643835
0.7899145299145298
0.3342812084141523

TBF
26.79735811030675
45.49889861792048
1.032203412156994
1.100000023841858
3.5572970465313447
30.354655156838096
254.8120192421391
0.0
59.14195570605608
0.20546875
0.7879629629629629
0.4877531463835862

TBF
26.549978098727507
42.06225991687728
0.9250000182539224
2.0999999046325684
3.576424953873261
30.126403052600814
301.11455323365186
0.0
75.88368067518982
0.2342032967032967
0.812830872830873
0.4781166507720154

TBF













TBF
23.193001431942058
39.577548550990365
1.0333333533257245
2.0999999046325684
3.591904251685848
26.784905683627937
255.06556815150145
0.0
62.47464936833946
0.23479729729729729
0.8794444444444446
0.5273682540072411

TBF
24.736598975846242
48.49868587541057
0.7294117763419362
2.200000047683716
3.552007297765379
28.28860627361163
207.17310382760078
17.441860465116278
60.8571795330488
0.2438380281690141
0.6736394557823129
0.5070658056883379

TBF
26.499045629225964
42.446846796368696
1.0432432639236386
2.200000047683716
3.6255974716524424
30.124643100878398
336.34624553739945
2.1739130434782608
72.15789962654563
0.21875
0.709158434158434
0.44064583144979036

TBF
27.745490517052822
42.30605545452115
1.067213133221767
2.0999999046325684
3.6077233837963094
31.353213900849145
267.0464551594158
0.0
61.61040036675391
0.20833333333333334
0.7898677248677248
0.44567433456638444

TBF
22.248253399372384
38.378577771965844
1.0728813758340932
2.5
3.5634057664581755
25.81165916583055
279.38244794583414
1.3513513513513513
75.24097402642022
0.2868150684931507
0.8330687830687832
0.5249341279657824

TBF
25.559866602532217
44.72915654594513
0.9322580815322937
2.5
3.605556780020124
29.16542338255234
258.79032130070306
5.747126436781609
53.50245093842156
0.18292682926829268
0.8024338624338623
0.37587299028041626

TBF
25.005299502579447
45.94615952228788
0.9000000131298911
2.5
3.553634224941472
28.558933727520937
230.84504115795298
0.0
40.33837428491935
0.1525
0.6565079365079366
0.31626277355425536

TBF
31.522381658371494
47.77512078093801
1.047435918297523
2.200000047683716
3.6486762497015683
35.17105790807312
252.6844516404567
4.545454545454546
71.01886149083714
0.22991071428571427
0.8200680272108843
0.5159903183617354

TBF
24.99033185682789
52.294608816439826
0.9618181975050406
4.400000095367432
3.6052392825680215
28.595571139395915
199.34381086160647
6.329113924050633
46.690778481608575
0.17483108108108109
0.8055555555555556
0.2873192199220028

TBF
24.862210031203936
41.33693089273688
1.0750000162050128
2.0999999046325684
3.5384139009463227
28.400623932150268
213.15726122722273
0.0
31.24227226158534
0.15460526315789475
0.7926984126984125
0.2982022273277431

TBF
25.76858483918346
41.26613880819212
1.0446808694842014
2.5
3.571340859734265
29.33992569891774
238.4131960869792
0.0
36.29023166762369
0.15073529411764705
0.7873737373737375
0.32172062131534784

TBF
23.401714268029114
41.27742710132748
0.9478261073970277
1.100000023841858
3.51360358277188
26.915317850801006
239.26470176842076
0.0
35.074304092528955
0.15384615384615385
0.8003174603174603
0.34568814619773486

TBF
24.240523700274267
44.40778416472681
1.0183673660670007
2.0999999046325684
3.5580357962838463
27.798559496558156
241.78201397450528
0.0
47.113077910580486
0.1831597222222222
0.8288359788359788
0.3834244542157688

