AFF
39.77815090241201
58.383356399983924
0.8212766013246902
4.400000095367432
3.524560254293407
43.30271115670541
146.6806046324359
63.41463414634146
154.90588842868004
0.7625
0.5457142857142857
0.6182417606988116

AFF
36.065718777345886
64.13293125809747
0.3041666696468989
3.5999999046325684
3.2233273878720383
39.289046165217904
151.15974621395884
63.45177664974619
193.3753904354356
0.8350694444444444
0.4572222222222223
0.539620002447229

AFF
43.62191851481103
86.45905317040749
0.6526315944236621
3.5999999046325684
3.473993388173981
47.095911902984994
130.3115722124146
68.28193832599119
193.4181005882996
0.7864583333333334
0.4838624338624339
0.6732923616728288

AFF
44.49288998111581
71.30000028610229
0.9163265520212601
4.400000095367432
3.5896530367735178
48.08254301788933
149.5418354094882
67.7570093457944
183.82947980774156
0.7518115942028986
0.525978835978836
0.602270920970221

AFF













AFF
45.92779192494046
80.89999980926513
0.6164179275284952
3.5999999046325684
3.500704858260181
49.428496783200615
161.04464956366684
71.52317880794702
243.87281502880083
0.8197674418604651
0.4126190476190476
0.6855717974335854

AFF













AFF
40.90384354574345
67.9294571707488
0.45434784111769305
3.3000001907348633
3.3217407479192107
44.22558429366266
136.80306764011897
60.36585365853659
164.7147489771893
0.775
0.5185714285714286
0.8583562322503856

AFF













AFF
38.69069269686487
60.04185110040011
0.410447777207218
3.3000001907348633
3.2850723838326203
41.975765080697514
191.6476279433017
68.56060606060606
227.8612313550437
0.8313253012048193
0.4128306878306879
0.4882670517983973

AFF
38.25290924396996
71.30000028610229
0.4611764683442957
3.5999999046325684
3.2940717603554375
41.5469810043254
196.59627305902012
70.27863777089783
258.892809067311
0.8177083333333334
0.3730784030784031
0.5020269121485

AFF













AFF













AFF
35.51713495821966
66.97463381723635
0.518000009059906
4.400000095367432
3.3731005931078046
38.890235551327464
145.86049460577252
63.91752577319587
174.64279836521536
0.7642857142857142
0.42653061224489797
0.6427070718530682

AFF
44.26409961963634
78.01152266134883
0.8050633140757114
4.400000095367432
3.6228523978052465
47.88695201744158
167.01752757041163
69.06474820143885
246.75777000776716
0.8081395348837209
0.49690476190476196
0.4902272401847578

AFF













AFF
40.42363976439143
62.430951561395275
0.4074074250680429
3.3000001907348633
3.2721331441537007
43.69577290854513
172.31104055754196
66.38297872340425
207.59767970694799
0.819620253164557
0.42142857142857143
0.7476675225902496

AFF
37.38117824690739
67.62636173659172
0.2841269894251748
4.699999809265137
3.2732637671849596
40.65444201409237
151.2932461771229
66.96035242290749
201.82517268481985
0.83
0.4574603174603175
0.6961607062311979

AFF
44.46786571607207
86.55996624506504
1.3078947349598533
4.699999809265137
3.7273894865003387
48.19525520257239
144.02741746523958
68.0161943319838
232.13565332876607
0.7974683544303798
0.4841269841269841
0.7660794549318921

AFF
44.920767418407145
67.20000076293945
0.5683333535989126
4.400000095367432
3.4511007489593886
48.371868167366536
160.65474530255176
70.15503875968993
220.099509063755
0.8376623376623377
0.5275132275132275
0.5187265997413395

AFF
41.49999780410144
73.50000057220458
0.715384630056528
3.5999999046325684
3.452236153802282
44.952233957903694
141.52447086923829
65.07177033492823
192.04580071890737
0.761986301369863
0.4740740740740741
0.6834369118045434

AFF













AFF
38.492165020703744
73.50000057220458
0.30789474123402644
4.699999809265137
3.218551721667857
41.71071674237162
154.82922248748415
67.05426356589147
214.85540469664525
0.7970588235294118
0.40958152958152966
0.8675614620906387

AFF













AFF













AFF
35.4446489464308
63.31108210560521
0.46538463005652797
3.3000001907348633
3.3357977972428308
38.78044674367363
153.84801263924146
61.32596685082873
184.97526390870706
0.7946428571428571
0.5234487734487734
0.7574967878400728

AFF
43.03069059883251
70.1000784118771
0.6533333444595337
3.5999999046325684
3.4584083886719506
46.48909898750448
176.3041914005727
69.67509025270758
230.04598600787054
0.8005952380952381
0.43722222222222223
0.5794580009529046

AFF













AFF
41.05965326180503
79.71461559198116
0.5267857206719262
3.5999999046325684
3.398915163037348
44.45856842484236
133.91704392331724
66.51785714285714
212.1853564266429
0.8416666666666667
0.49539682539682534
0.3169863554894885

AFF
40.15509662264783
75.74464023596781
0.6289999997615814
3.5999999046325684
3.4987121844516915
43.65380880709952
178.70822449042853
71.98795180722891
253.24667626371098
0.7889784946236559
0.3476286676286676
0.45782603210791595

ANF
31.183509853042963
48.55314199699173
2.2836066093601164
5.699999809265137
4.368296803248737
35.55180665629172
236.8232730238983
11.842105263157894
159.842618035517
0.5597014925373134
1.0
0.622801822477792

ANF
33.70239434148062
53.838437694216594
2.240909132090482
4.5
4.450279361356048
38.15267370283667
269.80480766868124
15.306122448979592
245.73143527191485
0.6626506024096386
1.0
0.493260941101196

ANF
33.17875367606471
61.01851615651759
1.9734694130566655
3.5999999046325684
4.216492179608072
37.39524585567279
198.46337353623431
8.860759493670885
179.7183726326704
0.5885416666666666
1.0
0.5235817328697996

ANF
30.58113157955752
53.799457700722016
2.227142894268036
4.699999809265137
4.326999023561584
34.908130603119105
231.44839391478573
9.523809523809524
192.242235293206
0.5970394736842105
1.0
0.5080297979046828

ANF
32.01866260610833
47.65791587258816
2.1276595972953958
3.5999999046325684
4.262205643112202
36.28086824922057
259.20725912697173
6.41025641025641
186.51275855564333
0.5993150684931506
1.0
0.6559199712234957

ANF
32.06525470177498
53.07082951432981
2.3268292996941544
5.400000095367432
4.535749249615765
36.60100395139076
298.1039668231806
19.626168224299064
252.97109408301114
0.6584302325581395
1.0
0.540197417418718

ANF
30.03399300680521
46.685136514463785
2.053424694766737
3.5999999046325684
4.345137022318598
34.379130029123814
312.2660614653628
6.593406593406594
223.4490034091398
0.6088235294117647
1.0
0.619804809296246

ANF
28.88156833083041
45.45249578452257
2.2233333746592203
4.5
4.433275664852332
33.31484399568275
290.37874107634644
16.666666666666664
237.87889372036938
0.678125
1.0
0.6050407183277555

ANF
31.995078810845378
55.100922937393584
2.258823554305469
4.699999809265137
4.462314680971228
36.45739349181663
259.10959739718925
14.736842105263156
233.90352014238022
0.6419753086419753
1.0
0.60713686886167

ANF
29.968653758437956
46.179049893487985
2.096153892003573
4.400000095367432
4.315125488314257
34.28377924675221
209.30655388738575
7.936507936507936
123.59465070460553
0.49353448275862066
1.0
0.4786140131313965

ANF
31.703260845977795
64.10554466218682
2.2428571677633693
5.699999809265137
4.479377092728034
36.18263793870582
267.4638165343972
18.103448275862068
232.5571369666113
0.5618421052631579
0.993939393939394
0.6001345969915128

ANF
29.613289606231298
49.240329582590945
2.0475410105752165
3.5999999046325684
4.310715384639357
33.92400499087068
272.3439540825333
7.865168539325842
214.21099632556601
0.6067073170731707
1.0
0.7259293187514125

ANF
28.89745817930528
46.614203171568
2.180851099338937
4.400000095367432
4.328467711458462
33.22592589076374
257.5935225156595
16.27906976744186
180.2513692544609
0.5833333333333334
1.0
0.6444880355087391

ANF
32.43252944175383
48.82198879540903
2.3329412193859325
5.699999809265137
4.60206203068246
37.03459147243635
339.8387825627741
14.545454545454545
277.1746128753183
0.648936170212766
1.0
0.6607351839417898

ANF
28.381171025114
46.28166695241826
2.152380971681504
3.5999999046325684
4.2786033794802405
32.65977440459426
243.0881954170286
7.042253521126761
159.59968420042907
0.5757575757575758
1.0
0.64642194567164

ANF
29.29144865352883
48.20000104904175
2.1288461772581706
4.399999618530273
4.326020462838423
33.617469116367275
240.91478156905765
15.476190476190476
176.1546670972475
0.5809859154929577
1.0
0.5944020692813561

ANF
29.156982661618898
43.940393066597515
2.112727312608199
4.400000095367432
4.219818780033118
33.37680144165202
267.18447597679614
12.658227848101266
189.73853472385883
0.6612318840579711
1.0
0.631549036508197

ANF
29.903053647241457
56.65857332489274
2.3382353309322808
5.699999809265137
4.424826473522332
34.327880120763794
247.86089972969364
15.151515151515152
220.3276861617445
0.6026785714285714
1.0
0.5533113632024418

ANF
28.26962183886864
50.50436838018593
2.0600000434451635
3.5999999046325684
4.396882862308418
32.666504701177075
332.54638884769264
9.0
259.9151587323745
0.646978021978022
1.0
0.6309580888904046

ANF
30.403994041458585
48.230708317565885
2.2327586494643112
3.5999999046325684
4.4096266296258975
34.81362067108451
275.9588464630079
8.536585365853659
202.97345954054472
0.6116666666666667
1.0
0.5550309627535889

ANF
29.49276808180288
53.73136686444488
1.9735849443471656
3.5999999046325684
4.190122682781824
33.68289076458473
222.29226184356324
7.792207792207792
195.13980989979663
0.6654929577464789
1.0
0.5931869395772101

ANF
33.42556171671801
48.009186281944864
2.188461558176921
4.400000095367432
4.339598040106159
37.76515975682417
269.74069288354264
7.4074074074074066
210.2854292166651
0.6416666666666667
1.0
0.6112445286905064

ANF
28.61746138155911
53.4275523009645
2.1714285879719015
3.5999999046325684
4.3644565867175125
32.98191796827664
244.02380823788508
5.194805194805195
226.04372371493628
0.7071917808219178
1.0
0.6787753375160246

ANF
31.78539173867417
48.03720656422574
2.0452381315685453
4.400000095367432
4.202278408628628
35.98767014730284
232.00639492807122
11.842105263157894
160.3022683678723
0.5652985074626866
1.0
0.6113340606326249

ANF
30.579191093108918
53.316145793289884
2.1744680988027696
4.5
4.306684119397627
34.88587521250658
236.45222870572096
4.0
173.19138571292117
0.5677083333333334
1.0
0.6752609067703914

ANF
30.03769677497999
47.54575924385503
2.047916700442632
3.5999999046325684
4.226519852652473
34.26421662763245
230.19478742210177
8.695652173913043
150.98171744929576
0.5714285714285714
1.0
0.5394908953908536

ANF
32.67023892991753
49.241866072424614
2.1684210833750273
4.5
4.445426068644136
37.115664998561684
288.707217839745
18.367346938775512
201.09685801838182
0.56875
0.993939393939394
0.6076072239644087

ANF
27.718678505457376
46.78493374177366
2.2101695295107566
5.699999809265137
4.413091856576798
32.13177036203417
261.5563242402218
5.333333333333334
191.61716867511754
0.625
1.0
0.6612954911973553

ANF
28.79074947131431
56.91739955409919
2.1052631809000384
4.400000095367432
4.3242029347310424
33.11495240604537
209.41902346324767
13.414634146341465
196.4036324450542
0.6320422535211268
1.0
0.5884077941395632

ANF
29.479137087395824
49.056066157359766
2.2267606006541723
4.400000095367432
4.469260704869237
33.948397792265055
301.5614677012478
6.741573033707865
241.12916664988333
0.6490963855421686
1.0
0.6708641800980714

LBG
37.57232007877441
66.09999990463257
0.33428572586604527
4.400000095367432
3.2932576055959246
40.865577684370315
160.89651865350157
52.32558139534884
224.70611735358534
0.8384146341463414
0.40206349206349207
0.28170102436082445

LBG
31.776522487879532
58.148166911432725
0.38701298484554536
4.699999809265137
3.252113927243928
35.02863641512345
224.5925490109151
53.170731707317074
258.5193404112583
0.8307291666666666
0.3548148148148148
0.4356685347378898

LBG
33.74742892742874
53.46430124821924
0.7661016957234528
4.699999809265137
3.4302982089649836
37.177727136393756
200.8892349623202
50.6578947368421
189.63992015270583
0.745
0.4309523809523809
0.30499416587502287

LBG
30.870634234174737
55.39651295623845
0.1666666641831398
4.699999809265137
3.1208225349800465
33.99145676915479
159.00538783284858
36.79245283018868
130.54429029303043
0.6324626865671642
0.4063492063492064
0.5282830392325694

LBG
31.69911656063423
65.47477833390226
0.16071428997176035
3.5999999046325684
3.1845961120602113
34.88371267269443
175.25183408835807
40.816326530612244
203.0383159676141
0.7370689655172413
0.3774603174603175
0.36478199887589463

LBG
36.47224432981664
66.1039122617232
0.7978723708619463
3.4000000953674316
3.4575272677549287
39.92977159757157
141.2226434087683
45.614035087719294
147.7750184952592
0.6875
0.4745748299319728
0.49689452470143936

LBG
33.40935447488977
74.31954465530316
0.9087500095367431
4.699999809265137
3.5885449506782194
36.99789942556798
173.42997049391087
57.2139303482587
200.84580881418958
0.6671511627906976
0.4696296296296296
0.5619127138815088

LBG
32.5974245753953
77.8465093362942
0.3555555582046509
4.699999809265137
3.2578365061264223
35.85526108152173
120.83198562189318
44.537815126050425
150.69137162975372
0.7140151515151515
0.49708994708994714
0.4440113572197847

LBG













LBG
36.28386850061508
61.68961867838625
0.39850747407372317
4.400000095367432
3.3482117376252587
39.632080238240334
184.06908603780437
47.019867549668874
215.79120574123078
0.81875
0.4753968253968254
0.4734653811233777

LBG
35.44954353297621
54.38618846998533
0.6050000131130219
4.400000095367432
3.3787322770095347
38.82827580998574
156.94445860511493
45.13274336283185
152.04690622750064
0.7419354838709677
0.5264646464646464
0.36340741972444746

LBG
37.79540921462279
62.31525282647444
0.46000000953674314
3.5999999046325684
3.343007495184456
41.13841670980724
159.14536608498935
47.05882352941176
187.1141227385188
0.7916666666666666
0.4542063492063492
0.4361039148906526

LBG
34.29170066692603
64.2517762195937
0.47804877234668264
4.699999809265137
3.2846827445173727
37.5763834114434
134.69611105764486
44.642857142857146
147.54573108521183
0.7298387096774194
0.4496825396825397
0.4611204931579912

LBG













LBG













LBG
32.57604816466617
57.745392233385864
0.4705882423064288
4.699999809265137
3.2845494005264357
35.860597565192585
156.32970821240937
45.66929133858268
139.1541015240615
0.6304347826086957
0.49888888888888894
0.41399875933501357

LBG
34.93950252129995
54.27506762933051
0.47826088252274884
4.400000095367432
3.32173387870587
38.26123640000582
161.44004006750092
45.378151260504204
148.85828041755306
0.7
0.4579931972789116
0.3924817556467536

LBG
31.755701926229474
59.37746234697249
0.36666667928882674
3.3000001907348633
3.2794606611370005
35.03516258736648
158.63181662295995
52.666666666666664
190.93793040405137
0.8186619718309859
0.4749206349206349
0.19911355984268028

LBG
29.742753976820474
52.57124719843692
0.24200000762939453
3.3000001907348633
3.1771304295675344
32.91988440638801
174.31765376832777
39.473684210526315
151.61575987068224
0.6938405797101449
0.45476190476190487
0.4205670822466242

LBG
34.63664091986434
59.933264262421986
0.37400001525878906
4.400000095367432
3.2661157546454618
37.90275667450979
148.8645720134418
42.97520661157025
158.2607643488564
0.7155797101449275
0.4968253968253969
0.36629719626944807

LBG
34.83404297998337
51.176330595203844
0.572549025217692
4.699999809265137
3.4096046688091257
38.24364764879252
181.01946398437923
47.368421052631575
169.25152054996232
0.7321428571428571
0.4877777777777778
0.5880383983459659

LBG
33.59661287880586
50.699707122230265
0.4781250096857548
3.5999999046325684
3.3448254725524524
36.94143835135831
204.72826316212064
43.93939393939394
190.6796855548509
0.777027027027027
0.3994444444444445
0.5409490708252457

LBG













LBG
31.6951515392567
53.45605050389549
0.6163636359301481
4.699999809265137
3.331039614813867
35.02619115407056
197.57793701561144
46.043165467625904
189.0972115456564
0.76
0.43174603174603177
0.3561567460548371

LBG
30.09014466019522
53.125543554067406
0.6648148121657195
4.400000095367432
3.3680108797577404
33.45815553995297
182.13589137156552
47.286821705426355
173.03525440694878
0.7536764705882353
0.4922222222222222
0.4604831411247702

LBG













LBG













LBG
32.26523821096829
53.697724299180635
0.4021978194896991
4.400000095367432
3.336560665867358
35.601798876835666
224.75047583850093
47.953216374269005
241.91566977844502
0.8089887640449438
0.4255627705627706
0.4067307699642212

LBG
35.042454394511815
63.64889519596633
0.3892307868370643
3.3000001907348633
3.3323831920773754
38.37483758658913
183.04403093313945
48.42767295597484
212.5734054099977
0.7850609756097561
0.5062962962962962
0.3368923047266918

LBG
26.899758196282693
45.2321507520195
0.16500000655651093
3.3000001907348633
3.108242613275935
30.008000809558634
184.50675120741866
38.88888888888889
137.73061538225986
0.6761363636363636
0.37984126984126987
0.430868478297036

LFF
20.785741496648715
39.46896678777238
0.0
0.0
3.0
23.785741496648708
246.08048400824183
10.256410256410255
90.0
0.42857142857142855
0.2696296296296296
0.23313952067640967

LFF
22.9142101378679
37.24025432557076
0.0
0.0
2.9999794096466044
25.9141895475145
289.31568790208496
9.30232558139535
98.61900663237303
0.421474358974359
0.2223015873015873
0.28246054615521027

LFF
24.188657246306466
39.85593098187375
0.14473684524234973
1.100000023841858
3.057525794045681
27.24618304035215
274.5540068809738
8.235294117647058
127.70512947583616
0.530448717948718
0.2062358276643991
0.2049028240940763

LFF
22.95299013847699
36.166039684064025
0.02391304399656213
1.100000023841858
3.018260873711628
25.971251012188617
264.59354516751165
4.166666666666666
97.80750028610228
0.4692028985507246
0.3016402116402117
0.18132949858948674

LFF
21.26930088609411
39.31061818336065
0.061111112435658775
1.100000023841858
3.031171044538227
24.30047193063233
279.3781321763635
12.76595744680851
128.7221956069576
0.5167682926829268
0.2169047619047619
0.2506352860291403

LFF
17.90660900581986
35.699737084465845
0.0
0.0
2.999812719694055
20.906421725513916
273.78077070441236
5.333333333333334
123.37333788728473
0.579225352112676
0.3041534391534391
0.3265291188535565

LFF
27.629556144247168
42.366169388018086
0.014473684524234972
1.100000023841858
3.0153488372093022
30.644904981456477
267.7477929458883
13.131313131313133
122.0325
0.4694767441860465
0.24831168831168832
0.3164944589348406

LFF
21.739558545442925
40.2270440893877
0.13714284896850587
3.1999998092651367
3.1008050578042967
24.840363603247223
267.80547106230307
8.536585365853659
108.05296599685536
0.455
0.24087301587301588
0.21061867661644287

LFF
25.79052094783089
41.854357891825344
0.0
0.0
3.0
28.790520947830878
234.8989695936278
8.641975308641975
88.5
0.39864864864864863
0.23301587301587298
0.2162944644658186

LFF
23.943117002249902
39.934397455169446
0.04893617173458668
1.2000000476837158
3.0311809956097764
26.974297997859676
231.9494554133313
13.157894736842104
79.68897285512261
0.3977272727272727
0.2994516594516595
0.20980248467612014

LFF
24.119411332630715
39.820820644518875
0.0
0.0
2.999907940988379
27.119319273619094
261.50128776434644
7.4074074074074066
111.37241084029817
0.495
0.21465419501133787
0.2235620349967691

LFF
21.940684774130265
37.24121063975083
0.0
0.0
2.999752144253537
24.940436918383796
300.4361097726893
6.896551724137931
118.86386900325309
0.48919753086419754
0.20693121693121694
0.21233165503615323

LFF
23.9153683470131
40.13683182600911
0.0
0.0
2.9996461155736056
26.915014462586697
214.11239185093635
7.142857142857142
82.49481368404824
0.4230769230769231
0.3467460317460318
0.19368528851650346

LFF
22.210982746801616
39.70214838950635
0.0
0.0
2.998935749746645
25.20991849654826
276.20994388419206
7.0588235294117645
103.83971987797281
0.43829113924050633
0.21031746031746032
0.20057839562819946

LFF
20.682331855905506
39.019744015804
0.0
0.0
2.99924368405399
23.681575539959503
238.0402873955985
2.898550724637681
85.85068442116415
0.42723880597014924
0.2690476190476191
0.17360118606321445

LFF
21.133410221383848
39.494734440285654
0.0
0.0
2.9979597360996895
24.131369957483546
200.4689434760476
7.6923076923076925
75.68413398027967
0.42083333333333334
0.31611111111111106
0.19305786448845

LFF
22.717277012127813
40.267607555777225
0.0
0.0
2.9999815302099577
25.717258542337753
293.32187152847445
6.593406593406594
127.1246075169616
0.4985294117647059
0.20989417989417988
0.30943570937924214

LFF
18.953661707507212
41.795803892552016
0.0
0.0
2.9999034183241187
21.95356512583134
260.6163887609244
6.8181818181818175
127.49604015128887
0.5182926829268293
0.21007936507936506
0.16007512483386666

LFF
20.622557284376644
39.09698097978107
0.0
0.0
2.999576955541478
23.622134239918122
265.97642996281667
8.536585365853659
104.60639662821029
0.465
0.27042328042328045
0.3585484645864138

LFF













LFF
20.639597968371433
40.803686718727214
0.01718750037252903
1.100000023841858
3.016743165035957
23.65634113340739
248.16201456248822
14.606741573033707
110.30718020352478
0.48026315789473684
0.33267195767195773
0.2500338481944158

LFF
18.291669419759593
36.94610572013861
0.0
0.0
2.999311627766659
21.290981047526245
280.22643285975033
5.063291139240507
122.58627906187456
0.545
0.27399711399711396
0.2622356988396625

LFF
20.04557130953149
39.5629849474535
0.0
0.0
2.998740456437027
23.04431176596853
206.95468312742832
3.278688524590164
81.72213259866922
0.461864406779661
0.32108843537414966
0.18979359768940957

LFF
24.508114323171224
39.74742950289379
0.0
0.0
2.9982222998756947
27.506336623046924
235.8938281706777
6.578947368421052
92.14069586105782
0.43309859154929575
0.25587301587301586
0.20677348243993815

LFF
24.76294398559441
39.52667106542772
0.001515151537729032
0.10000000149011612
3.0006707722287564
27.76361475782317
256.42063203236194
8.75
101.3163974149948
0.4623287671232877
0.2615656565656566
0.26399986492900923

LFF













LFF
24.554121623440057
43.868557945885904
0.1066666603088379
3.1999998092651367
3.0673956488349567
27.621517272275014
261.5258191484148
8.695652173913043
131.69837606788508
0.5104166666666666
0.21515873015873016
0.21338056433355612

LFF
19.986666246701837
39.99299088614746
0.028947369048469944
2.200000047683716
3.0269750757013396
23.01364132240317
322.5523334506314
9.803921568627452
154.0170001840975
0.5529891304347826
0.19156084656084657
0.24177302163436376

LFF
20.61220185547953
41.287947284165
0.0
0.0
2.999867052529467
23.61206890800898
247.38718766341427
7.228915662650602
111.74616114178833
0.4837662337662338
0.28875661375661377
0.23531505323315813

LFF
22.06694933740346
39.562958398479275
0.0
0.0
2.9998167362264985
25.06676607362997
259.5704416844358
5.128205128205128
105.36789659025399
0.47466216216216217
0.29460317460317464
0.261772629965483

RAN













RAN
29.895702233049313
56.322662097656966
2.287671275028627
4.699999809265137
4.581388931090804
34.47709116414014
277.32946972785817
25.438596491228072
190.7311290489551
0.48970588235294116
0.8162698412698413
0.4603549993135221

RAN













RAN













RAN













RAN
38.94346963456339
362.8996757525579
2.1800000364130194
5.699999809265137
4.248911865960847
43.19238150052428
42.35860217399703
48.97959183673469
152.0367112767066
0.46166666666666667
0.7712698412698413
0.3489540309214637

RAN













RAN













RAN
36.128281672640156
80.20000200271606
2.4109375454718247
5.699999809265137
4.702165924267545
40.830447596907746
196.9449833443232
28.037383177570092
190.1030984006813
0.5211038961038961
0.8275510204081631
0.4379788442567948

RAN













RAN
38.66039573994159
164.1732067961792
2.538333389783899
5.699999809265137
4.62069421330808
43.281089953249726
97.37375417194289
40.65040650406504
117.95544672295604
0.3424657534246575
0.9094444444444445
0.24233291037379825

RAN













RAN













RAN
31.000748369596792
73.90000033676624
2.031818211078644
4.400000095367432
4.369932592754246
35.370680962351045
208.10877540069208
28.703703703703702
165.82791911901293
0.4967532467532468
0.867089947089947
0.3049409590289158

RAN













RAN













RAN
32.75418009496473
55.919201796276255
2.211363684047352
5.400000095367432
4.374551280692503
37.12873137565725
218.20008908324127
9.210526315789473
118.07609788493936
0.3894927536231884
0.9271428571428572
0.2870840258969553

RAN
33.53746201999593
62.06486597005888
2.428260896516883
4.400000095367432
4.375930695317563
37.91339271531348
208.48497986016983
27.835051546391753
126.2806773977375
0.41964285714285715
0.8592592592592594
0.32086669036556237

RAN













RAN
28.756503003246667
45.49474859810911
2.0750000471757217
4.5
4.256598521010011
33.013101524256676
247.20367947330945
11.842105263157894
132.8134122465543
0.47201492537313433
0.8576984126984128
0.33459576733817614

RAN
38.79452639616535
148.0000008106231
2.2352941480337405
5.699999809265137
4.4134693824119395
43.20799577857731
99.71612851076002
47.76119402985074
154.18193037359467
0.49642857142857144
0.7786719233147804
0.3352834882074507

RAN













RAN
36.41969521356095
56.028243494164705
2.438372157080922
5.400000095367432
4.735209399896679
41.15490461345765
253.9431935963838
26.41509433962264
201.1137481411573
0.5544871794871795
0.9058356676003734
0.36711368994806887

RAN













RAN













RAN













RAN













RAN













RAN
35.24382269392737
67.30000162422658
2.3294117964950263
4.5
4.416679516351036
39.6605022102784
208.34780031748903
29.629629629629626
156.68006697657168
0.4720394736842105
0.8895454545454548
0.3366567667550516

RAN













TBF
22.967994036724257
40.553230007087926
0.8835443186609051
2.5
3.5928941299767807
26.560888166701048
346.3504050023166
5.263157894736842
162.92693350196942
0.5041666666666667
0.7799145299145299
0.4623514944965252

TBF
29.04430535183998
44.142387735635026
1.010606080970981
2.0999999046325684
3.5860664652314638
32.630371817071484
266.1618538566035
2.4096385542168677
141.9402679093027
0.4861111111111111
0.8381216931216932
0.49234314684820113

TBF













TBF
25.813356766692067
45.900000000000006
1.1461538679324663
2.5
3.6470051424613135
29.460361909153402
252.9044241810199
9.89010989010989
118.61831226283083
0.3932926829268293
0.7399470899470899
0.37706350040023884

TBF
22.740534638455603
39.661928835011466
1.0434782791720785
2.5
3.539675272365567
26.28020991082119
268.3700222610188
0.0
80.97884858635692
0.3267857142857143
0.7755555555555556
0.32140388972233297

TBF
25.766678216282703
47.830962762673245
0.8678571565874985
2.0999999046325684
3.534336409012255
29.30101462529498
208.32309824572806
0.0
87.6003108028096
0.3503521126760563
0.7554761904761905
0.3587631112558976

TBF
25.07213552631601
55.23614096695139
1.076712351037215
3.3000001907348633
3.6661617164746674
28.738297242790694
246.48181433159095
7.446808510638298
135.4895137704651
0.4238505747126437
0.8033333333333333
0.4046309379944045

TBF
26.512990374645668
46.1642038662407
1.034426249563694
2.0999999046325684
3.555313981596594
30.06830435624226
238.8554545754158
0.0
98.20201212672663
0.3618421052631579
0.8261111111111111
0.46423748822214084

TBF
24.662522528841006
44.198412552034924
0.9134328526569836
2.5
3.557127210697861
28.219649739538877
254.64886050294876
2.4096385542168677
126.31723142565828
0.4398148148148148
0.7882539682539682
0.4178847492273371

TBF
24.474476685876812
42.15357769921227
0.9314285895654133
2.200000047683716
3.5539148631579116
28.02839154903474
295.5806362414808
2.4390243902439024
102.86392481087339
0.3609375
0.6971380471380471
0.42377660249883975

TBF
27.07841003538727
48.791916158265245
0.9028571589716843
2.299999952316284
3.569534361388599
30.64794439677585
233.3641308642373
4.761904761904762
104.87601891519029
0.3625
0.7884249084249083
0.4473387229810812

TBF
25.0551920662031
44.87089689917001
0.8671233044707611
2.0999999046325684
3.526714644860252
28.58190671106335
261.0548682767694
3.7037037037037033
96.85911482267389
0.34935897435897434
0.7978306878306877
0.4473783526512961

TBF
27.81266600735047
44.93805907607809
0.8700000160506793
2.5
3.5638238464332224
31.376489853783667
248.25186466568584
0.0
130.64396520186122
0.4868421052631579
0.8283333333333334
0.40668924598522044

TBF
24.370373248921872
38.252836719225066
0.8209876696820613
2.5
3.5834871631490293
27.953860412070917
309.23555674316
26.956521739130434
148.91604987216957
0.5
0.8032010582010581
0.4478648017030082

TBF
22.03926036712957
41.81608657636435
0.8152777914785676
2.0999999046325684
3.5243021581278375
25.563562525257435
295.86976339576256
2.3255813953488373
133.36846822216225
0.45089285714285715
0.7337301587301588
0.37961437011374005

TBF
25.676530428561637
44.639825451785335
0.9055555731885963
2.0999999046325684
3.5275503233694026
29.204080751931063
243.66683276106843
0.0
114.79965891227447
0.4309210526315789
0.8142063492063493
0.44983639632462435

TBF













TBF
23.624824587461433
39.11769323918175
0.8254902111549004
2.0999999046325684
3.511441879142187
27.136266466603622
258.4596574330035
2.857142857142857
89.02382418361235
0.375
0.7493197278911566
0.3012567014891308

TBF
29.551034798494907
49.199998760223394
1.1353846356272697
2.200000047683716
3.7167864042251284
33.26782120272005
226.83777584007896
17.20430107526882
106.06847929144395
0.362012987012987
0.7632467532467531
0.41491677091499723

TBF
28.10946918572208
44.59166071136328
1.05094341526054
2.5
3.5741845668743952
31.68365375259644
247.1634731576705
0.0
88.55047351329293
0.3407534246575342
0.7954184704184704
0.36688004642797495

TBF
22.76694867861914
37.35839945358442
1.0375000194956858
2.0999999046325684
3.5581109500154033
26.32505962863455
256.87360476674803
0.0
93.82559223029517
0.3917910447761194
0.7839285714285714
0.37432845264996467

TBF
25.51093874776836
47.01095934205712
1.0090909276834943
2.0999999046325684
3.542886001399122
29.053824749167497
199.72773743335594
0.0
66.12620231419996
0.27798507462686567
0.7992063492063491
0.2877222497570092

TBF
22.007789115705044
41.073111675369425
1.0565217589230642
2.0999999046325684
3.559676911209101
25.56746602691416
226.3645768657598
0.0
83.20218792715195
0.34191176470588236
0.7818253968253968
0.3692116169113423

TBF
29.693884494562504
43.548549729051146
0.997435918985269
1.100000023841858
3.4756090420810652
33.16949353664356
206.18957584566314
0.0
74.23410966543085
0.330078125
0.7448629148629149
0.31013843336804436

TBF
24.052778501272766
35.63226929676879
1.0183673660670007
2.0999999046325684
3.5324939960110227
27.585272497283782
267.3305725325233
0.0
102.30575325198636
0.3955479452054795
0.8092063492063493
0.3517013437117578

TBF
24.76358543539682
46.438878131671764
0.8500000183780988
1.100000023841858
3.486655176230922
28.250240611627774
220.81278876550945
0.0
92.76625475107855
0.3715277777777778
0.7261904761904762
0.4586226410743566

TBF
29.25381140871694
43.5942962040575
1.034782628002374
2.0999999046325684
3.5797792878528494
32.8335906965698
245.6112769554891
0.0
83.54509963287143
0.3257042253521127
0.7796825396825398
0.3313975691020158

TBF
29.13760263023074
42.06418217768959
0.9034482920221214
2.5
3.5790549850572275
32.716657615287964
249.21853915177198
2.666666666666667
102.74673213823995
0.3955479452054795
0.7795866831581117
0.30648494475070615

TBF
24.932586407292238
42.148101478846726
0.8388059862069229
2.0999999046325684
3.543885634388411
28.476472041680665
253.55051369161137
2.7027027027027026
125.39310135815563
0.4930555555555556
0.8476190476190476
0.510101625936381

TBF
28.922114006905865
42.200903006703605
1.0565217599488688
2.0999999046325684
3.588705946688608
32.51081995359449
284.42193136154026
0.0
140.09051054711807
0.4573529411764706
0.7966666666666666
0.5687009612811875

