AFF
47.42570909682931
90.01577652654542
1.4000000043348833
5.699999809265137
3.7449846597554006
51.170693756584726
133.54425035195013
71.31782945736434
206.46643414947368
0.7576013513513513
0.593968253968254
0.5959293878885492

AFF
46.84661599720105
81.59999351501465
1.0354838909641388
4.400000095367432
3.6982058520217205
50.54482184922279
142.64455068390768
75.83892617449665
220.12234983369135
0.8203125
0.5357936507936508
0.33273187175800095

AFF
42.58127003019399
75.26108504305664
0.7148936251376538
4.400000095367432
3.4800011391908274
46.06127116938484
130.4905862650494
71.36752136752136
198.69231260332046
0.8535447761194029
0.5232539682539682
0.41287376812432025

AFF
50.49289875973637
93.82619640115658
0.9650602671037237
3.5999999046325684
3.7502558757288043
54.24315463546521
169.05343102696852
75.38461538461539
291.5015772072924
0.810546875
0.5152453102453102
0.43675470734350574

AFF
41.88162298741415
73.50000057220458
0.8039215896643844
3.5999999046325684
3.517207368178615
45.39883035559281
137.38972934828033
72.17741935483872
197.84026816923014
0.8179347826086957
0.533015873015873
0.37283373596018105

AFF
39.190880800733204
73.93405304261368
0.578000009059906
3.5999999046325684
3.361819256472554
42.55270005720575
133.45570980169884
73.18007662835248
192.40691114210068
0.8196428571428571
0.5107142857142858
0.4479284493349284

AFF
55.98459816933877
94.54576863969785
1.077777807911237
4.699999809265137
3.6731790418225385
59.657777211161296
142.69300932768795
76.96476964769647
266.20119059740045
0.8602941176470589
0.5265608465608466
0.3587729895290562

AFF
41.87958884494795
77.73332509967287
0.5733333468437195
3.5999999046325684
3.48732429277687
45.36691313772484
148.72644806261806
74.4336569579288
224.21155091920835
0.8140822784810127
0.5484126984126985
0.38681920468954384

AFF
50.57823069616767
97.63481656969816
0.6757575869560242
4.699999809265137
3.439375689494202
54.01760638566187
121.10246692882558
75.45454545454545
234.63884117956727
0.8495370370370371
0.49566137566137564
0.38504181292928374

AFF













AFF
49.79254973051857
85.81369613869168
1.1400000316756111
4.400000095367432
3.791631809387012
53.58418153990559
148.28325301646387
77.28613569321534
229.79437236022457
0.7962662337662337
0.5809523809523809
0.33901784032240145

AFF
47.143699846865054
87.15236257161504
0.9469387884042701
4.400000095367432
3.727650624112586
50.87135047097766
162.3137291834116
74.28571428571429
289.7826032434238
0.8708333333333333
0.4083333333333334
0.5315727101160997

AFF













AFF
52.145485943881155
102.49999332427977
0.777586227860944
3.3000001907348633
3.446657241062729
55.59214318494388
112.95197165096735
77.94117647058823
208.95241445587138
0.805
0.5186507936507937
0.33192225933376324

AFF
43.59710233052235
78.62932203222606
0.915217417737712
4.400000095367432
3.5873613468835837
47.18446367740591
130.36973101811034
70.43478260869566
202.60631605288836
0.8382352941176471
0.5485714285714286
0.3483966969638773

AFF
51.03444284080436
89.3999994277954
1.0739726383392125
3.3000001907348633
3.719676148609777
54.75411898941415
161.50207129923498
76.96335078534031
267.63267582690924
0.8288352272727273
0.5635978835978835
0.3858790662196702

AFF
45.47921853663716
76.06227413163941
0.7235294253218407
3.5999999046325684
3.496507674270421
48.97572621090761
144.68519612416992
75.85034013605441
201.70708696196598
0.8213028169014085
0.5574603174603175
0.32314440027407904

AFF
48.01117411388587
89.93913259065155
1.0935897720165741
3.5999999046325684
3.7303843529818748
51.741558466867765
142.4387135069199
73.06397306397307
253.01030766722826
0.85078125
0.5993480725623582
0.4523546087131114

AFF
50.22244133990762
92.11138541280258
0.7396551925560524
4.400000095367432
3.5021714145496112
53.724612754457254
129.88952120577656
75.86206896551724
208.0651603845266
0.7938311688311688
0.5634126984126984
0.28906187854437804

AFF
50.39117691170792
93.55826749567538
1.250000032939409
3.5999999046325684
3.7783596091595895
54.16953652086752
134.6853528844498
76.32398753894081
220.90119842878045
0.7648026315789473
0.561957671957672
0.23346009378244495

AFF
49.60774019106264
102.49999332427977
0.8384615623033964
3.5999999046325684
3.682783015109722
53.29052320617236
123.92140460493124
76.66666666666667
231.95055278430175
0.827922077922078
0.6274603174603174
0.4112222836442601

AFF
46.395723116823156
81.70778425478107
0.8265306219762686
3.5999999046325684
3.5452925270026423
49.94101564382578
129.00530361787983
71.54811715481172
195.13584728780438
0.8106617647058824
0.6211111111111111
0.32825490989446676

AFF
53.5967714372295
104.49999990463255
1.1462963267608925
3.5999999046325684
3.7549401518950387
57.35171158912452
111.18237123332368
78.44311377245509
220.02124086175243
0.8151041666666666
0.6254761904761905
0.33290679953334584

AFF













AFF
49.847674776416795
89.97793316496724
0.8367347206388202
4.400000095367432
3.6045930093969596
53.45226778581376
118.63913405396836
72.06477732793523
207.4583121625455
0.8369565217391305
0.5377777777777778
0.34931728824209407

AFF
45.109273411602345
86.4243322457528
1.260606075778152
4.400000095367432
3.7901079505107442
48.899381362113104
140.48507394851097
70.8171206225681
229.7333100088202
0.8125
0.5222222222222223
0.5267194951873295

AFF
45.401688095043575
89.3999994277954
0.6646153963529147
4.400000095367432
3.4760886912752236
48.8777767863188
134.56349333660467
74.3421052631579
226.2918720806793
0.8365384615384616
0.5162962962962964
0.3911802806062443

AFF
58.168837204881775
110.99999999999997
1.0471698315638416
4.5
3.760103166869946
61.928940371751736
111.7683396037211
79.01907356948229
230.59645679822833
0.8084415584415584
0.635
0.2965032335206782

AFF
42.27093507581915
72.01491141107029
0.3928571570487249
4.400000095367432
3.263596216943472
45.53453129276262
123.41109977498438
68.0952380952381
190.94632208813996
0.8731343283582089
0.4611111111111111
0.3788145165813267

AFF
37.70720156689316
75.61057065838645
0.5465517270153967
3.5999999046325684
3.432002726982928
41.13920429387608
138.6158597110123
71.31474103585657
215.80803790398954
0.8697916666666666
0.5698412698412697
0.2941656629764175

ANF
32.59466071439185
54.19999685287476
2.345238134974525
4.5
4.463259906496441
37.05792062088831
201.3221282257245
27.77777777777778
199.96242469446833
0.6865384615384615
1.0
0.35825797285430855

ANF
28.795207340006325
48.988828501706124
2.3250000043348833
5.699999809265137
4.258246564106093
33.05345390411242
230.65456702369858
24.731182795698924
195.80745227509524
0.6723214285714286
1.0
0.40317471115778153

ANF
32.64230858998941
61.43717368764104
2.4178571658475057
5.699999809265137
4.455008682600326
37.09731727258974
216.97233460880287
33.33333333333333
202.37930200933803
0.6484375
1.0
0.3365019166853901

ANF
36.50931326252545
62.84430004839755
2.6114285928862437
5.699999809265137
4.672138114888061
41.18145137741353
258.56043158300696
30.833333333333336
277.04149725737454
0.7274096385542169
0.993939393939394
0.4250137771521737

ANF
29.296479286109186
48.09038907417471
2.5479166756073632
5.699999809265137
4.39863431137249
33.69511359748171
186.5021568095725
30.864197530864196
150.1692672383575
0.6227678571428571
1.0
0.2867636433461731

ANF
31.26747505677825
54.22238497117849
2.3610169907747687
4.5
4.476050636522394
35.74352569330066
243.4308080571375
24.752475247524753
238.56934435704122
0.7105263157894737
1.0
0.4274058857448

ANF













ANF
33.05181576545027
62.193089613537026
2.319403027420613
5.699999809265137
4.4912233639325
37.543039129382805
245.637662091432
27.966101694915253
269.88333133766395
0.7102941176470589
1.0
0.48285496618303303

ANF
29.06615513467383
57.50000085830689
2.450943411099461
4.699999809265137
4.473561800407188
33.53971693508103
218.03999639572146
31.775700934579437
240.48719102671993
0.7371575342465754
1.0
0.33615484082728414

ANF
35.03867541745407
72.44919172698157
2.2338983507479653
4.5
4.337303762630666
39.37597918008478
195.88220692082487
32.743362831858406
223.79902839761547
0.6833881578947368
0.9904761904761905
0.42923865359187396

ANF
29.61447544617019
52.3999966621399
2.4240740802552967
5.699999809265137
4.433080484334304
34.0475559305045
253.45434705829766
29.72972972972973
245.5424277411898
0.7211538461538461
1.0
0.28909180399293777

ANF
34.469742055890876
62.857930375125655
2.1090909486467186
3.5999999046325684
4.268513479246501
38.738255535137355
180.76809358660208
14.473684210526317
168.86784689080525
0.6173076923076923
1.0
0.42705516772533986

ANF
32.88250992317347
52.94385880183073
2.247272755882957
5.699999809265137
4.328087618179855
37.21059754135333
251.40546689107637
30.909090909090907
247.5800441625553
0.7648026315789473
1.0
0.39533859804674726

ANF
33.06074904969836
66.46461013560584
2.3126984248085627
5.699999809265137
4.431013205243168
37.49176225494155
210.20497612851307
24.0
211.0708146286814
0.6365131578947368
0.9928571428571429
0.4337824205497266

ANF
33.44804772492521
54.751979823901976
2.2947368810051367
5.699999809265137
4.473735289622461
37.921783014547685
217.00029048664518
26.08695652173913
220.76560442720591
0.7279411764705882
1.0
0.4896082575055864

ANF
34.75631999980834
51.4512288178099
2.2410714647599628
4.5
4.417653612790746
39.173973612599106
240.93247569706753
31.775700934579437
248.7750094964438
0.7679794520547946
1.0
0.25217696109762944

ANF
44.60589298316537
94.54710876782768
2.521111143214835
5.699999809265137
4.7288236645217285
49.334716647687095
191.3598700605047
40.131578947368425
307.73299731321674
0.7232142857142857
0.9775213675213675
0.2853234889895452

ANF
36.978429145199655
62.47784576532993
2.4597222523556814
5.699999809265137
4.4872306447242645
41.46565978992392
211.9701116665031
29.523809523809526
238.12439901163944
0.7271959459459459
1.0
0.4142090245617502

ANF













ANF
38.03864652946258
67.99999914169312
2.333802836042055
5.699999809265137
4.597223390207612
42.63586991967024
236.608031384305
49.390243902439025
303.7687979901097
0.7884036144578314
0.9866666666666667
0.1984621595983095

ANF
35.342808790007126
67.90000228881837
2.21914896559208
4.400000095367432
4.332099499499941
39.6749082895071
179.66239137543084
37.38317757009346
216.3810161779009
0.7416044776119403
1.0
0.47417983174825695

ANF
35.28119887176959
59.61377441541779
2.320202061398463
4.400000095367432
4.6214182884889095
39.90261716025853
298.4474583394697
33.108108108108105
309.3743644221442
0.6799242424242424
0.9944444444444444
0.310589714737309

ANF
29.80697977880262
49.10360770175668
2.185000030199687
4.5
4.404049404488359
34.21102918329101
254.70292112874975
31.48148148148148
225.13114687490278
0.7043918918918919
1.0
0.40659703984754236

ANF
30.11518260818024
53.302057380308305
2.23962265815375
4.5
4.410878297265855
34.526060905446116
240.4622984429869
26.923076923076923
252.85095140133205
0.7549342105263158
1.0
0.42127765659435307

ANF
36.07534418604296
70.27622994968614
2.3659091280265288
5.400000095367432
4.585936195434242
40.661280381477226
228.1883979969316
34.84848484848485
297.52330221535544
0.7456395348837209
0.9916666666666667
0.3821165852323714

ANF
30.95475403812846
51.04082501913336
2.166666693985462
5.699999809265137
4.294336729018364
35.249090767146846
225.98009282850512
20.689655172413794
206.52751001620538
0.7010869565217391
1.0
0.43890188834371785

ANF
27.485700873811627
49.8356039909664
2.2276596084554146
4.5
4.32471421448005
31.810415088291695
242.51973503227947
25.806451612903224
203.51028325988693
0.6902173913043478
1.0
0.415413173299007

ANF
32.53504848491681
58.27080820472543
2.3016949588969604
4.5
4.436133847736827
36.971182332653676
224.301989177473
20.652173913043477
198.8042353693536
0.6164383561643836
1.0
0.3793122508187314

ANF
31.13361302769449
62.11325598174181
2.181690184163376
4.5
4.408508327707901
35.542121355402394
233.92818152534878
23.076923076923077
266.1100619590362
0.7546875
1.0
0.5016794209906679

ANF
32.79355980907209
65.5385305736104
2.298245643314562
5.400000095367432
4.352309544351075
37.1458693534232
210.63005173303597
27.61904761904762
225.48978173237393
0.6883223684210527
1.0
0.4607892612014951

LBG
34.13114158998783
57.69477395310094
0.3142857283962016
3.3000001907348633
3.252901556534516
37.384043146522345
154.99061168222386
46.15384615384615
170.03388395973445
0.75
0.49285714285714294
0.2962941727346526

LBG
33.232870984077294
60.50805141266781
0.5582089744397064
4.400000095367432
3.332501938263776
36.56537292234107
173.2200441007342
57.92349726775956
192.15722658869424
0.7621753246753247
0.5015728715728716
0.3362091235232953

LBG
38.333721071759996
65.7485507788045
0.3452830224666955
4.699999809265137
3.2623783342072965
41.59609940596729
145.6825470517109
50.68493150684932
192.97428760816646
0.8177083333333334
0.48063492063492064
0.2649027129963025

LBG
31.195056725460052
54.07032947816077
0.4131147666055648
3.3000001907348633
3.3596814552758767
34.55473818073593
175.81344447228724
48.92086330935252
185.18004697408887
0.7816901408450704
0.4943650793650794
0.37987636378065603

LBG
32.33318481441605
55.299998760223396
0.38478261750677356
4.400000095367432
3.2680873817060316
35.60127219612209
155.20617400811986
58.16993464052288
161.01483722023633
0.7646484375
0.5859595959595959
0.39197522347398267

LBG
40.698704731890885
68.1797560279513
1.4061539026407095
4.400000095367432
3.656613235732006
44.355317967622874
206.44071486028218
66.89895470383276
297.04394071751244
0.8467105263157895
0.3898412698412699
0.38148681624500497

LBG
34.32741095415669
63.62652843593288
0.627659577004453
3.5999999046325684
3.452661457280961
37.780072411437644
151.34001714407472
61.142857142857146
192.59317032155545
0.8189338235294118
0.5177777777777777
0.29170533279114186

LBG
34.820552745070025
50.999999427795416
0.6200000206629436
4.699999809265137
3.401016405397596
38.22156915046761
184.00816345705994
56.05095541401274
185.50044142891932
0.7989130434782609
0.48111111111111116
0.2548068530285789

LBG
37.52896930331092
60.79999971389771
0.6882353074410382
4.699999809265137
3.5179857073946375
41.04695501070556
184.13134461590613
66.24472573839662
242.79766458674266
0.8578125
0.4747691197691198
0.3438658164210115

LBG
35.1971088727957
62.09999561309815
0.64354839440315
4.5
3.4839245771616354
38.681033449957326
180.7365186222333
55.932203389830505
217.48204346591461
0.8004807692307693
0.5234391534391534
0.2968715070246176

LBG
42.04716796840207
69.21733727723641
0.8666666825612386
5.400000095367432
3.574058249557044
45.62122621795915
148.4974545555085
58.333333333333336
207.92654943133303
0.8491071428571428
0.4944444444444445
0.35514930435091446

LBG
38.360851590642355
63.232113701634276
0.8403226021797426
4.699999809265137
3.5841186482970997
41.944970238939455
180.15033210063677
55.35714285714286
211.659572840718
0.7875
0.4863492063492064
0.32091434322538265

LBG
35.549172579868674
64.73400137984557
0.3000000151720914
3.3000001907348633
3.237512512238655
38.78668509210733
152.29760884872022
54.601226993865026
201.50487011030555
0.8412162162162162
0.5079365079365079
0.39753294303379955

LBG
34.88998171330861
61.20000181198121
0.6597402820532973
4.300000190734863
3.480080274769406
38.370061988078014
196.0896009422698
63.20346320346321
244.3500888169052
0.8360294117647059
0.4246296296296297
0.28320618009588006

LBG
35.486485930269716
63.17279652165675
0.41428573216710773
3.3000001907348633
3.338348586242024
38.82483451651173
160.47185814643055
53.79746835443038
203.66605891130362
0.8424657534246576
0.4708730158730159
0.32697704921648274

LBG
37.069673756938435
66.31248582810036
0.5071428690637861
4.400000095367432
3.4516022966015183
40.52127605353994
168.0116002456184
55.61797752808989
233.83179509205002
0.8496835443037974
0.5673809523809524
0.3242834410445651

LBG
33.190296385655685
65.0
0.47894738222423355
3.3000001907348633
3.32039236189854
36.51068874755426
177.56997369290625
55.319148936170215
229.255377700845
0.8169642857142857
0.4142063492063492
0.41422763730066825

LBG
37.13443380480174
63.59999942779542
1.0596153736114502
5.699999809265137
3.566306908923074
40.70074071372479
155.58080845548844
51.74825174825175
207.19047817096154
0.8396739130434783
0.4916239316239316
0.2516718108389957

LBG
32.67627676687282
60.59999942779542
0.5387755316130969
3.3000001907348633
3.3973679008716955
36.073644667744524
148.5699156294685
57.14285714285714
185.19488262167582
0.8210227272727273
0.5209090909090909
0.2583491272994154

LBG
38.45231339254294
67.91486294785867
1.0555555631243994
4.699999809265137
3.6476250760183033
42.09993846856123
173.11836710320208
54.44444444444444
233.55536282249776
0.7797256097560976
0.5547619047619048
0.39499433724528793

LBG
39.28462891997872
63.599995708465585
0.8029126357106329
4.400000095367432
3.6150577120257883
42.899686632004524
201.311244175227
61.37339055793991
263.9725331726
0.80625
0.4495299145299144
0.33295641006775306

LBG
32.41709688214599
66.88408627567344
0.26000000780278987
4.400000095367432
3.227015366355075
35.644112248501074
150.43967699576777
54.268292682926834
212.04248897906578
0.8775
0.4307142857142857
0.3730534716355125

LBG
38.0712188034232
70.39273196165966
0.482539695406717
3.5999999046325684
3.4050651460223307
41.4762839494455
163.6743429901852
60.84905660377359
236.78598590583493
0.8448795180722891
0.45241758241758234
0.33524009927925635

LBG
38.33281261338173
55.850597302077006
0.6000000132454766
4.699999809265137
3.4422446916714335
41.775057305053174
171.14488500078903
59.411764705882355
192.3135576198024
0.8070652173913043
0.5372222222222223
0.31642508578605727

LBG
36.4523887526676
67.16966981973563
0.8094340045497103
3.3000001907348633
3.57014762805708
40.02253638072468
163.21252642466212
53.75
210.63735065014768
0.8057432432432432
0.44015873015873025
0.4043127857055926

LBG
36.10826026579998
63.13536374318091
0.8791044897107936
4.400000095367432
3.4607385731406874
39.56899883894066
177.8199166595545
58.152173913043484
209.43812199235634
0.788961038961039
0.45809523809523806
0.35240400655048076

LBG













LBG
34.5331650152787
59.28635382537616
0.533333344893022
4.400000095367432
3.2796268459117335
37.81279186119041
177.0220624189415
48.05194805194805
215.95701344338005
0.83203125
0.3798412698412698
0.16651341848546847

LBG
36.7652790254189
64.78571344502846
0.6058823571485632
4.300000190734863
3.38712930968781
40.152408335106685
182.70892541644054
60.09174311926605
236.7337541248693
0.8060344827586207
0.45293650793650797
0.259706824914848

LBG
35.22206012409097
54.05085638921881
0.6322033971042956
4.400000095367432
3.494631995622013
38.71669211971303
201.1480354124313
51.28205128205128
192.76518115147374
0.725328947368421
0.5030158730158731
0.46686848837925493

LFF
20.722363991366105
40.774773950901924
0.28979592177332664
2.200000047683716
3.155862072254049
23.87822606362015
185.24824336466517
20.54794520547945
105.99000017881396
0.5786637931034483
0.4401360544217687
0.16678930931129757

LFF
20.882047244874887
39.09420885600802
0.04423077017641985
1.100000023841858
3.0374495393314005
23.919496784206288
257.50791313701586
11.904761904761903
142.14299241075554
0.6309121621621622
0.27777777777777773
0.1905931113915857

LFF
21.568815433952306
42.20992347864578
0.14915254560567565
1.100000023841858
3.104800003814697
24.67361543776699
244.6128690354946
20.212765957446805
153.01125026822092
0.655
0.2683467326324469
0.2949604094717553

LFF
21.650869337317218
42.617337836629346
0.0020000000298023225
0.10000000149011612
3.003098591549296
24.653967928866518
221.91984101849346
7.792207792207792
123.331875
0.5783450704225352
0.24841750841750843
0.18998285995985836

LFF
19.58858065693395
37.473141780937155
0.0
0.0
2.9983326070891247
22.58691326402306
232.34005502217278
5.970149253731343
107.39658557558798
0.5684523809523809
0.26582010582010585
0.17964606573789188

LFF
20.59996801464064
38.766186355059894
0.10731707549676663
1.100000023841858
3.0419047619047617
23.641872776545405
228.3266799191589
13.698630136986301
108.045
0.5625
0.3068253968253968
0.10932691749993048

LFF













LFF
23.764706339186933
40.467644366879966
0.07142857297674401
1.100000023841858
3.0456443969189713
26.810350736105917
281.5100603390257
11.34020618556701
177.07804770095524
0.6758720930232558
0.22539682539682535
0.2875006932006816

LFF













LFF













LFF
22.22597122400554
39.23214274499117
0.066176472012611
1.100000023841858
3.057915343240474
25.283886567246018
328.16882502145626
15.454545454545453
195.240510762365
0.6875
0.21830687830687834
0.15416096603113927

LFF
26.16466626603196
41.995083252772574
0.23913043996562128
2.200000047683716
3.0831027921875163
29.247769058219465
208.12285374717266
15.789473684210526
111.48012565239776
0.5625
0.3255555555555556
0.17123753737690056

LFF
25.059821979041306
40.092738473908
0.037931035304891655
1.100000023841858
3.0327725846910836
28.092594563732384
273.3021845295487
10.344827586206897
155.03604594025518
0.6538461538461539
0.24404761904761904
0.2051395007699888

LFF
22.5358474508483
41.972763896235264
0.10819672365657619
1.100000023841858
3.0808734470749974
25.616720897923294
260.2761367731386
14.893617021276595
173.0890595651149
0.6984375
0.30661375661375667
0.19387722498673451

LFF
22.409691636961778
40.15015570667106
0.07419354997334941
1.100000023841858
3.0465525131596034
25.456244150121368
207.3348954084368
7.8125
98.57083797152356
0.5466101694915254
0.35031746031746036
0.19611870529429515

LFF
24.016779908893003
39.25075922751554
0.0
0.0
2.999772894163632
27.016552803056637
250.87890518455686
4.054054054054054
131.05947665355336
0.6153169014084507
0.27026455026455026
0.18232749853663016

LFF
20.30584486744204
40.051578360883475
0.23896103371660432
3.1999998092651367
3.1363358185449757
23.442180685987
322.92463138569065
16.037735849056602
185.30685170431096
0.663623595505618
0.26394179894179887
0.139784076079197

LFF
21.89550777972081
40.053683563682284
0.019298246032313296
1.100000023841858
3.0194657253811803
24.91497350510199
251.2155983952982
10.0
149.26963653502207
0.6875
0.26386054421768707
0.20350120126476703

LFF













LFF
22.942834385060134
40.08068657021771
0.12753623464833136
1.100000023841858
3.073832866342827
26.01666725140297
266.5109882114507
22.330097087378643
172.99961574132692
0.70078125
0.2755555555555556
0.22630052217127766

LFF
21.920997754530674
39.54620699145213
0.1870129910575879
2.200000047683716
3.143729562710135
25.064727317240806
308.79932813031303
28.8135593220339
183.14599746694947
0.6919642857142857
0.27326118326118326
0.18522407238963806

LFF
21.70895624284888
42.031370274324324
0.14666666984558105
2.200000047683716
3.1145503738627265
24.82350661671162
279.24556884537
15.841584158415841
198.04575554769107
0.7455882352941177
0.271984126984127
0.2532882594146162

LFF
24.65595427070735
42.87154694156861
0.205084750207804
1.100000023841858
3.1110100318654275
27.76696430257278
225.74393553635068
12.345679012345679
129.23689209841703
0.5783450704225352
0.26
0.25170216009972396

LFF
20.00634460053572
42.85411170426283
0.11891892149641707
1.100000023841858
3.072338338338471
23.0786829388742
254.83838664489156
13.043478260869565
177.44657797099657
0.7171875
0.26076719576719576
0.16220576986019405

LFF
23.783773825501974
51.42853516752302
0.07333333492279052
2.200000047683716
3.068571428571428
26.852345254073402
195.76282979983884
22.22222222222222
158.7825
0.674512987012987
0.2394227994227994
0.17158566414610255

LFF
20.50512593535309
39.37161338078639
0.15600000336766243
2.200000047683716
3.135495034205388
23.640620969558487
364.6091554030423
26.666666666666668
238.57584220048906
0.7727272727272727
0.2968037518037518
0.3233979751755569

LFF
21.767672625670958
38.506494779789875
0.0022727273065935483
0.10000000149011612
3.0044718812450455
24.772144506916
304.0997363528516
15.841584158415841
176.9157280367146
0.6926470588235294
0.23931697931697932
0.24941555017526518

LFF
31.361339093061535
153.53791724541216
0.0
0.0
3.0
34.36133909306153
58.377705667094084
43.51851851851852
104.0625
0.5686475409836066
0.36960317460317466
0.21996544775933882

LFF













LFF
19.856096888393147
39.351776515326584
0.06000000130046498
1.100000023841858
3.052666248001428
22.908763136394565
265.5118287514817
22.916666666666664
146.25751296964785
0.6461148648648649
0.32507936507936513
0.23439277422821136

RAN













RAN
32.827681218516325
68.8949909871516
2.3056604228210897
5.699999809265137
4.5972218408016134
37.42490305931795
181.54795030072256
21.839080459770116
177.2103373315375
0.5652573529411765
0.8899999999999999
0.20407785257996247

RAN













RAN
38.156030721496684
114.30000109970564
2.262264184232028
5.699999809265137
4.432347136195566
42.588377857692294
125.21081774589302
37.16814159292036
172.54426439325698
0.5413732394366197
0.889795918367347
0.2887799129907282

RAN













RAN













RAN













RAN













RAN













RAN
33.71765306293822
62.76329618033044
2.163333402077357
5.400000095367432
4.386284612510928
38.10393767544916
219.00822721498878
20.212765957446805
201.86128857278797
0.6225
0.845050505050505
0.30664054037383387

RAN
32.62338847222839
48.419611270275816
2.3212121147097964
4.699999809265137
4.270741761780009
36.8941302340084
201.99399991997788
8.064516129032258
119.61145420179372
0.4769736842105263
0.8666666666666667
0.2509538579927031

RAN













RAN
32.27387914339452
55.23091949720912
2.4414634442910916
5.699999809265137
4.377775991788593
36.651655135183155
212.2531676368621
15.0
187.04509165462355
0.6176470588235294
0.9119576719576721
0.2515466253560627

RAN
35.235764372019744
70.4301403503609
2.5489362097801047
4.5
4.492118770510321
39.72788314253006
187.83003989506236
22.727272727272727
173.7169119339495
0.5762867647058824
0.89
0.28617001301764217

RAN













RAN
36.06244232372863
61.04230780577289
2.106666704018911
5.400000095367432
4.3958175754426465
40.458259899171296
216.8703925327471
24.242424242424242
221.5226935109238
0.675
0.8521428571428571
0.286464789859589

RAN













RAN
44.475961425431166
285.0461041998165
2.2511111439930067
5.699999809265137
4.4047121913931875
48.88067361682438
49.08143424987666
49.61832061068702
167.38231158751782
0.5710227272727273
0.8777777777777779
0.2718224661758449

RAN
30.860674756250962
50.6615310549446
2.2147059265305016
5.400000095367432
4.259861348312813
35.1205361045638
176.08041277115237
21.12676056338028
142.4135336958316
0.5959821428571429
0.8914965986394556
0.24746280303988336

RAN
31.69115600339412
49.54278570982118
2.1108108591791748
4.699999809265137
4.130828107412577
35.82198411080669
196.87028567698064
22.22222222222222
148.18595945261677
0.5595238095238095
0.8525396825396825
0.32574053670758923

RAN













RAN













RAN













RAN













RAN













RAN
41.97736705563003
233.76842684818723
2.0846154337319045
4.5
4.42820710415708
46.40557415978711
62.92587152303171
51.40845070422535
156.5284405098193
0.5217391304347826
0.8443386243386243
0.2795571385854306

RAN













RAN













RAN
35.024073496064766
76.1868372699706
2.445714330673218
5.400000095367432
4.369675127588677
39.393748623653444
141.64618816593168
24.0
132.53232254089403
0.5230263157894737
0.8130952380952382
0.3198648336716529

RAN
37.446246338796044
116.91924210456955
1.9293103855231712
4.699999809265137
4.223708516393343
41.6699548551894
118.07341952058003
29.523809523809526
187.50874555906523
0.6005067567567568
0.8441269841269842
0.26720119539647197

TBF
26.528977813311073
42.72123814399887
1.0581818386912345
2.5
3.611675111543316
30.1406529248544
281.93216278182484
8.433734939759036
145.9740550062487
0.5353618421052632
0.7699206349206349
0.33503851327967643

TBF
29.04229978601266
58.122114959392725
1.1406250220024958
2.299999952316284
3.6577829615877393
32.70008274760045
217.94473253073778
20.0
178.25725250315477
0.578125
0.824920634920635
0.4648823936583881

TBF
26.76995242687514
41.645799177003425
0.9125000153435394
2.0999999046325684
3.5619550770171
30.33190750389225
257.41053351576187
0.0
146.19397132996087
0.5357142857142857
0.7498412698412699
0.305970582528458

TBF
22.69660703833562
39.46742707282555
0.9611111318485605
1.100000023841858
3.4807064386445954
26.177313476980217
216.43414436230665
0.0
103.87841896640413
0.4747983870967742
0.7731746031746031
0.2985573710846739

TBF
28.25745021683947
43.34634633009976
1.0065217606075432
2.5
3.5430830764430437
31.80053329328253
238.68059827608232
8.974358974358974
132.69347690555446
0.528169014084507
0.7312169312169312
0.3307237851882044

TBF
26.079367941883536
44.86685014794431
1.054794541266683
2.200000047683716
3.6351738355363916
29.71454177741994
272.4640747701376
13.131313131313133
189.71677056244638
0.6104651162790697
0.7717989417989418
0.43899026769275457

TBF
27.324758811226634
57.44229900093499
0.9400000183021321
2.299999952316284
3.6271710661720586
30.951929877398673
250.63864113198318
22.58064516129032
225.1710776099672
0.642578125
0.7136459836459836
0.37555980136933975

TBF
27.056286222966754
44.22051187523498
0.9111111270677712
2.5
3.6206925801933845
30.676978803160136
251.49130988311978
13.333333333333334
157.81928554918045
0.5649038461538461
0.8128571428571427
0.4488259349975454

TBF
24.90571132364496
46.397627437684115
0.8352941346226954
2.5
3.5004462310397235
28.40615755468469
215.64389003581326
5.405405405405405
112.15808180179059
0.4607142857142857
0.7919047619047619
0.3126690986171339

TBF
25.31156684568702
45.2602666476687
1.0355555752913157
2.200000047683716
3.5846055951570586
28.896172440844083
205.32047244120804
10.0
109.6507336628374
0.4851190476190476
0.8648809523809523
0.32100928874009116

TBF
25.668842367067672
47.627463656317715
1.0000000193474754
2.200000047683716
3.583987002272961
29.252829369340645
210.41269490995947
5.405405405405405
128.70408844587996
0.5089285714285714
0.8215873015873016
0.3684576561942375

TBF
32.84273682141007
47.3156372388773
0.9655737885441936
2.5
3.5941712143147924
36.43690803572489
246.0070761707249
13.636363636363635
157.00031652604198
0.5699013157894737
0.7357142857142855
0.3215437109040166

TBF
27.5816340830688
43.594987608443255
1.016666682747503
2.0999999046325684
3.5821168093254667
31.163750892394276
223.95515216712087
0.0
100.81744357229405
0.4197761194029851
0.8149206349206348
0.29350399316429854

TBF













TBF
25.5387730095659
49.879464749467914
1.0690909308466043
2.0999999046325684
3.5874618141969963
29.12623482376291
214.6289144674702
7.5
124.98512563800733
0.46875
0.852063492063492
0.39430401552138256

TBF
24.92052564992198
44.725115592314886
1.1017241574310024
3.4000000953674316
3.6411205393777117
28.561646189299715
256.5780564802688
4.878048780487805
164.849115703778
0.5817307692307693
0.8517989417989417
0.40992749872248807

TBF
26.510435755061234
45.09999980926514
0.8679012529276036
2.299999952316284
3.5876708426381225
30.09810659769937
275.0178090699155
20.37037037037037
183.42448193607333
0.590843023255814
0.7684859584859586
0.37936736004476257

TBF
30.65473993876002
58.99654663427052
1.0969697180570979
2.5
3.6609481892282596
34.31568812798827
217.82469065923323
30.327868852459016
201.71287828008192
0.6463235294117647
0.748994708994709
0.3923321945460464

TBF
26.56394015704071
42.80934684188811
0.7585365983044229
2.0999999046325684
3.425255866903944
29.989196023944643
189.86528957837666
7.8125
96.35864885430347
0.4766949152542373
0.7611111111111111
0.27660478889495926

TBF
25.1083675202517
40.94342942923034
0.8400000125169754
2.0999999046325684
3.5334525503910763
28.64182007064279
224.5552740638839
5.797101449275362
105.72163884199713
0.4673076923076923
0.7471088435374148
0.2515476080622462

TBF
25.01750958037287
43.049674088518366
0.8321428726028118
2.0999999046325684
3.508085961512965
28.525595541885853
247.45916256299313
7.5
141.2224672046169
0.5472972972972973
0.726031746031746
0.3715684465082906

TBF
26.740442055548666
44.16290759504257
0.9648648780342695
2.0999999046325684
3.4919397893185904
30.232381844867273
202.02199511625426
0.0
90.38380600986719
0.4173387096774194
0.7477777777777778
0.3360875819659414

TBF
20.77769622713514
36.86798198420488
0.7377358649699193
1.100000023841858
3.433908456178028
24.211604683313162
259.82069963926557
12.987012987012985
145.39151605914597
0.6324626865671642
0.7762626262626262
0.35449295880854065

TBF
24.07476556636526
44.387140401375326
0.6750000109896064
2.0999999046325684
3.4034648959876845
27.478230462352958
189.54497696267276
3.1746031746031744
91.36931273526469
0.4487704918032787
0.7219047619047619
0.30662125088356623

TBF
25.25114424377101
46.76173307126181
1.0600000201165676
2.0999999046325684
3.5324690163729957
28.783613260143984
190.5026900919304
0.0
101.4406025237237
0.4453125
0.7495748299319728
0.3921633983151812

TBF
24.313905402810718
44.599999332427984
1.0709677589756827
2.299999952316284
3.6306245007783104
27.94452990358903
247.28033925047765
7.142857142857142
153.7611015473303
0.5456730769230769
0.8010204081632653
0.3818845320266831

TBF
25.92828092094657
42.51257498377793
0.8500000160187483
2.0999999046325684
3.5054941266981965
29.433775047644787
274.84308500011554
2.564102564102564
118.07846079483186
0.4465460526315789
0.7171067821067821
0.31277177085100477

TBF
29.058390289354204
54.43999863776548
1.0339622836349145
2.5
3.647940557710858
32.70633084706507
181.11478839859714
13.157894736842104
117.7507912863326
0.48295454545454547
0.7605555555555554
0.36802165938361636

TBF
25.767798135568228
38.95324476011391
1.030232577129852
2.0999999046325684
3.5539112236561743
29.321709359224418
218.75342127076857
0.0
95.30295691427574
0.4324596774193548
0.8277777777777777
0.2672564576959121

TBF
30.826061996766597
53.19999923706055
0.7833333490177606
2.200000047683716
3.563947706381293
34.390009703147896
226.9230809024342
21.69811320754717
178.5942587137268
0.6031626506024096
0.676058201058201
0.4230768255183855

