AFF
57.18159761219378
110.99999999999997
1.3396551814572564
4.699999809265137
3.954631305690702
61.13622891788449
108.45559829585898
81.01604278074866
244.04623814158313
0.8670774647887324
0.7078042328042328
0.2506519496332683

AFF
52.82187246910365
86.40241061810798
0.9823529743680767
4.5
3.7327829681727094
56.554655437276395
117.90439967981446
80.24691358024691
214.4794780903626
0.8935546875
0.5040816326530612
0.14795508221635587

AFF
71.02413095925499
118.69607501014183
1.0360655823691947
4.399999618530273
3.7342010813651156
74.75833204062012
108.77856325881142
86.18181818181819
251.90557704726456
0.8963815789473685
0.5095238095238095
0.14997216585034995

AFF
55.18307872664838
108.79999971389768
1.0036363905126398
4.5
3.678432661445483
58.86151138809385
122.59710403096116
81.54897494305239
257.516158105674
0.8680555555555556
0.6180158730158729
0.27870378157265097

AFF
54.84185883190222
101.67120256120157
1.0244898090557175
4.399999618530273
3.751928269711993
58.593787101614225
112.63728588021092
80.9651474530831
231.31354963278747
0.8626760563380281
0.6163492063492064
0.23284990953435597

AFF













AFF













AFF
70.35070211964515
134.0613860265493
1.5241935733825929
4.699999809265137
4.082818660973095
74.43352078061822
100.59025578601381
83.33333333333334
268.61131989624994
0.8791666666666667
0.6933862433862433
0.2482422385074883

AFF
55.80705999921284
103.5461957998238
1.0463768088299295
5.699999809265137
3.733534905889932
59.54059490510275
122.19204066116895
81.50851581508516
247.61046924847182
0.8675986842105263
0.5403174603174603
0.23304474530821184

AFF
60.65762955682725
133.0501182886704
1.1636363636363636
4.5
3.8153068821069036
64.47293643893414
98.65047553384635
84.81262327416174
247.77497150753584
0.8522727272727273
0.6073544973544974
0.20329760015515438

AFF
68.26162502161485
136.62588939744694
1.3923076934539356
5.699999809265137
3.9253294647147077
72.18695448632955
117.15251629894304
84.53427065026362
302.1468137563392
0.8771306818181818
0.5985714285714285
0.1865540359058761

AFF
58.220654573759674
110.99999999999997
1.556716441440938
5.400000095367432
4.117268509387627
62.33792308314728
130.3783781863498
84.20038535645472
289.7619550512702
0.8574695121951219
0.6462698412698412
0.34775325089810016

AFF













AFF













AFF
58.59773979888435
104.49999990463255
1.6134328682031205
4.5
4.077006539750045
62.674746338634336
119.02647581523397
82.29426433915212
257.8382478021124
0.8934859154929577
0.6572222222222222
0.19933831833243143

AFF
58.56479896849382
104.49999990463255
1.3632653221792104
4.5
3.8226214234454594
62.38742039193928
106.51704064706355
83.08080808080808
227.2128122432416
0.8815298507462687
0.6527777777777779
0.2052889484080509

AFF
58.44999791365182
110.99999999999997
1.7546875085681677
5.699999809265137
4.150930039018129
62.60092795266994
104.1853280318782
81.79271708683473
229.4715061319926
0.8605769230769231
0.6730952380952381
0.23981877275515365

AFF
52.09411143645231
98.18809110849953
0.8900000166893005
4.5
3.6950293267339736
55.78914076318631
116.90215311988922
82.1882951653944
225.3175495669172
0.8705357142857143
0.5544444444444444
0.28960460353459666

AFF
55.55392874903198
97.87005326902292
1.432812524959445
5.699999809265137
3.9652697639305443
59.51919851296248
136.37593493966767
83.29718004338395
265.12234348088555
0.864448051948052
0.5888888888888889
0.22079406836433144

AFF













AFF
67.27846058213717
129.90000028610226
1.6000000338839448
4.5
4.155203739594169
71.4336643217313
124.76550318314358
85.16666666666667
309.020284235756
0.8426966292134831
0.6744805194805196
0.3127159189206007

AFF
56.44989285924851
97.19417383596897
1.428000020980835
4.400000095367432
4.079236045153041
60.52912890440154
120.43489306890665
81.81818181818183
233.28398029384445
0.8617424242424242
0.6726190476190477
0.27234254694536786

AFF
62.1724825541979
125.41067407678975
1.591935509635556
4.699999809265137
4.017688946701111
66.19017150089908
107.71295280074283
84.58333333333333
259.2620186218256
0.8741554054054054
0.6408730158730158
0.1928830707424535

AFF













AFF
62.20667545199033
115.5248011169669
1.2921568856519812
4.699999809265137
3.897216769250352
66.10389222124066
111.41637933105451
83.72591006423983
255.96523527164632
0.8717105263157895
0.6055555555555556
0.20134628267415003

AFF













AFF
50.687444480223746
94.69999303817748
1.1155555725097657
5.699999809265137
3.8148642884846833
54.50230876870843
118.71741738560279
80.57142857142857
230.79334875502016
0.8961397058823529
0.6785714285714286
0.2314915375945517

AFF
71.33139965687609
143.82871172961165
1.2600000177110944
5.400000095367432
3.9494090007404266
75.28080865761655
100.60557428702799
85.13011152416357
276.77157123132173
0.8828125
0.6104232804232803
0.1871118739178244

AFF
53.968062306241215
95.07437287428178
0.927450979457182
4.699999809265137
3.653934404932508
57.62199671117372
126.27918673352417
79.17808219178082
244.2863085285579
0.8799342105263158
0.5585714285714285
0.4089471860476499

AFF
61.66258706686925
122.19699466248997
1.2154929772229262
5.400000095367432
3.9405662931814693
65.60315336005067
122.72253824812525
84.42776735459663
276.461963436342
0.8471385542168675
0.6168398268398269
0.3078958775151855

ANF













ANF
52.42512045065097
90.90402891442228
2.4168675029313706
4.5
4.57295362956728
56.99807408021826
190.05249511941096
64.89795918367346
332.1574228435529
0.8393895348837209
0.9745454545454546
0.2537061573859886

ANF
42.27886904677002
121.16326489978474
2.2727273113348265
5.699999809265137
4.432071944565748
46.7109409913358
130.11076874389977
57.30994152046783
261.7719084796291
0.800513698630137
0.9654761904761905
0.2506903611212539

ANF
40.297475337584224
82.11377833696503
2.5406250279629603
5.699999809265137
4.541729943927206
44.839205281511425
167.76792356497677
57.3170731707317
274.89257280580756
0.8571428571428571
1.0
0.23418274337481607

ANF













ANF













ANF
41.55494192422817
70.98874142511815
2.4307692715754876
5.699999809265137
4.490229344551887
46.045171268780045
181.2441661412729
51.40845070422535
242.59953307093784
0.7744565217391305
0.9888888888888888
0.20535768617732122

ANF













ANF













ANF













ANF
40.557520116146435
76.866860374433
2.3169230912740413
5.699999809265137
4.522717017026368
45.080237133172794
170.17588782417042
46.666666666666664
257.4468888069684
0.7899305555555556
0.980952380952381
0.23823223470109292

ANF
37.98885940405411
67.55800978042379
2.434000002890825
5.699999809265137
4.410666658633196
42.39952606268729
201.32967812883078
53.79746835443038
269.088616742035
0.8304794520547946
0.9904761904761905
0.296096311562266

ANF
43.75881688989153
79.499995803833
2.5281690487139663
4.5
4.594447338883823
48.35326422877533
205.16363005632016
66.79841897233202
313.8758120265039
0.8147321428571429
0.9793650793650794
0.27229585170484094

ANF
38.8002823693323
65.30275813229878
2.5327869141932395
5.699999809265137
4.5814577620338515
43.38174013136618
190.30422580007914
48.1203007518797
254.24703670425285
0.8061594202898551
1.0
0.23292054719604569

ANF













ANF













ANF
43.090809788218465
87.33174502096038
2.5356322192940217
5.699999809265137
4.684419202754983
47.77522899097345
187.78662822438952
57.99999999999999
323.9350875569134
0.8333333333333334
0.9287301587301589
0.17532937993458397

ANF
38.09910628986496
65.44087139211237
2.5302325819813927
5.699999809265137
4.442086709612984
42.54119299947792
182.67257458804792
51.14503816793893
231.2379036447077
0.810546875
1.0
0.17157292826222095

ANF
57.2735630728253
167.014981876399
2.4225352529278945
5.699999809265137
4.530282365484292
61.80384543830957
117.15184985379811
68.45878136200717
339.5829547736823
0.8522727272727273
0.9341510341510341
0.24025132959334033

ANF













ANF
38.216988377357495
75.60000057220459
2.5722222559981875
4.400000095367432
4.478740943305002
42.6957293206625
141.56693172644893
53.65853658536586
191.24211419776702
0.7456140350877193
1.0
0.22291827756706742

ANF
40.947059725914734
66.17589744656856
2.319178123384306
4.5
4.575370695786559
45.522430421701294
221.56044106982355
57.608695652173914
306.5942059002036
0.8613782051282052
0.9866666666666667
0.21692009672256682

ANF













ANF













ANF
36.24540331796051
65.04654676090898
2.307272769375281
5.699999809265137
4.399181619534181
40.644584937494685
195.40671141118852
59.195402298850574
249.366865048949
0.7922535211267606
0.9904761904761905
0.16039606860479297

ANF
40.82436751199168
73.85402406316248
2.380434787791708
5.699999809265137
4.418986264319062
45.24335377631076
182.26746509877862
54.248366013071895
245.90507544537903
0.7901785714285714
1.0
0.22475338463319058

ANF
44.373682312954756
83.50866692878631
2.5627119032255674
5.699999809265137
4.556861192218268
48.93054350517301
154.26614834975885
59.49367088607595
239.91970304447264
0.8154296875
0.9833333333333333
0.25936035905260635

ANF
38.00970805354694
71.199995136261
2.6390243855918327
5.699999809265137
4.388551411190478
42.39825946473743
152.62332768667937
56.64335664335665
221.4502513959494
0.811491935483871
1.0
0.21937146223086332

ANF
34.95229183114483
60.498251815898925
2.1105263452780876
4.400000095367432
4.217611621083078
39.16990345222788
162.59464306900907
50.442477876106196
197.5528378990468
0.8370535714285714
1.0
0.18623356744561753

ANF
48.955496912159354
123.36109912223654
2.175342497454114
4.5
4.4854716945053505
53.440968606664704
124.87485105790915
56.470588235294116
270.4483488505466
0.8108108108108109
0.9821428571428571
0.3086465717560186

LBG













LBG
42.117307049451504
73.1188583908475
1.0000000259705952
4.300000190734863
3.8245559159413385
45.94186296539286
163.48612917317664
72.66187050359713
246.03001757584752
0.8388157894736842
0.5222222222222223
0.254764313637109

LBG
40.542063519517214
74.32668145285011
0.8191489234883734
4.699999809265137
3.518009297629707
44.06007281714691
137.50678146730903
66.66666666666666
205.24995900736604
0.8722014925373134
0.5505555555555556
0.28676708436416914

LBG













LBG
48.98299794968026
77.60860911734153
0.7530612361674406
5.699999809265137
3.553198529309218
52.536196478989474
145.62659928809975
74.13793103448276
236.8217715920544
0.8833333333333333
0.540978835978836
0.2393771959591855

LBG
45.8462826140908
95.79999389648437
0.8935897640692883
4.5
3.6492532585665707
49.49553587265735
142.90454176391546
73.76543209876543
251.1894026533146
0.8198529411764706
0.46111111111111114
0.2971876163953675

LBG
39.16229169094654
72.37711274006367
0.6510204149752247
5.699999809265137
3.504170957375512
42.666462648322046
132.72870597321403
62.637362637362635
203.44714853268894
0.8547794117647058
0.5213492063492063
0.2872127561167168

LBG
39.014362799807884
65.37389829114946
0.986842111537331
4.5
3.6162888445429227
42.630651644350834
137.42015498573215
58.78378378378378
194.304477756678
0.8862704918032787
0.655952380952381
0.2428361409007138

LBG
42.21660332711888
77.98760675987735
1.1056604047991194
5.699999809265137
3.7872060223765955
46.003809349495484
158.92583519756926
66.51785714285714
222.84931271767968
0.7916666666666666
0.5836507936507935
0.3107669898514606

LBG
45.219509956072415
74.80758273692598
0.8088889042536418
4.300000190734863
3.574719358990905
48.79422931506328
139.5355416908026
68.91891891891892
213.91465853472423
0.865036231884058
0.5672222222222222
0.255422656725035

LBG
40.602814534287404
66.45288587316568
0.8425531869238996
4.400000095367432
3.610346975011756
44.213161509299184
144.0389922214418
68.57142857142857
193.13759893892268
0.8096590909090909
0.6078571428571428
0.2516687076936794

LBG













LBG
40.768525930368405
75.39840906788683
1.2305555840333302
4.400000095367432
3.7301825058460425
44.49870843621442
166.10534402024413
72.26027397260275
259.36542674254576
0.8603395061728395
0.5401851851851852
0.32655595795929954

LBG
38.23099369067889
71.73839345508429
0.672222246726354
3.3000001907348633
3.436527194635949
41.66752088531485
124.69772739700414
61.29032258064516
172.39888043644518
0.8385416666666666
0.5452380952380953
0.30451179835591896

LBG
39.119495700788896
69.40000057220459
1.2327869055701084
4.400000095367432
3.7695501532903624
42.88904585407923
139.5231367975143
64.20454545454545
197.35651215965305
0.8283730158730159
0.615952380952381
0.28613198971958403

LBG
43.075110658735085
82.64076584906022
0.504761917250497
3.5999999046325684
3.318822783279373
46.39393344201446
112.10426124576576
63.888888888888886
190.05326335608675
0.875
0.5244444444444445
0.3041498197527881

LBG













LBG













LBG
43.686175896936696
82.666130354768
0.9981481653672678
4.699999809265137
3.731946470681802
47.41812236761849
152.70353866294903
70.22900763358778
253.84233566860684
0.8733974358974359
0.5643386243386244
0.35399362594758016

LBG
40.475355959768066
65.87749756632458
1.098484871965466
4.400000095367432
3.806390894304717
44.28174685407281
178.258139399695
62.56410256410256
242.60173721038095
0.8690068493150684
0.6531746031746033
0.3178618358286903

LBG













LBG
45.06901602707337
89.01036931656057
0.967605666375496
4.400000095367432
3.713358174040376
48.78237420111372
142.05429924281376
71.58273381294964
254.17306279598228
0.8583860759493671
0.564973544973545
0.2944452852616006

LBG
41.20411173390433
69.69898706807138
0.9285714421953474
5.699999809265137
3.6371068100166153
44.84121854392095
123.96152249805006
61.8421052631579
167.58018279465347
0.7974137931034483
0.6071428571428571
0.22903719251391258

LBG
37.843917131627435
66.29186205443528
0.40000000866976654
2.200000047683716
3.263408382107627
41.10732551373505
114.56013690478869
60.71428571428571
146.20074470242452
0.8125
0.6306122448979592
0.2360672288277633

LBG
42.76985953090884
79.31543651031724
1.0689655439607029
3.4000000953674316
3.757636543371878
46.52749607428071
139.52733006264054
65.85365853658537
223.67998498984386
0.8526785714285714
0.6569047619047619
0.27458783189456654

LBG













LBG
46.28197833311525
82.8609504501267
0.709836082380326
4.699999809265137
3.603689455311626
49.88566778842685
160.32541122735068
74.4807121661721
271.0997736554935
0.8757267441860465
0.5631481481481482
0.2774838537586706

LBG













LBG
39.851562498246224
64.57857620628752
1.2729167143503826
4.400000095367432
3.769070697657716
43.620633195903935
151.50862471438438
63.372093023255815
204.7544880804089
0.8680555555555556
0.5800000000000001
0.22119824768464708

LBG
48.66008211361713
81.7999942779541
0.8965517426359242
4.400000095367432
3.678234638869468
52.33831675248661
152.0715734063813
74.59807073954984
258.40028579956015
0.8939873417721519
0.5708730158730159
0.26373220226877375

LFF
28.184813052415773
44.9992020225914
0.37183099397471253
2.200000047683716
3.3098917125416607
31.49470476495745
272.0459601814772
39.71631205673759
242.32574584316382
0.8639705882352942
0.33865079365079354
0.21361102445009308

LFF
23.088258749256898
45.29505282510739
0.239534888849702
2.200000047683716
3.1846817692939773
26.272940518550865
193.89448830651952
41.07142857142857
167.25004794306628
0.7954545454545454
0.4637301587301587
0.19618995914824802

LFF













LFF
24.067957749692308
39.487612503514534
0.23478261057449423
2.200000047683716
3.185079741645823
27.25303749133813
219.44694995360322
28.04878048780488
141.37178273659484
0.746822033898305
0.4160714285714286
0.1462812257002165

LFF













LFF
26.60573473928129
47.690093184372266
0.3404761978558132
1.100000023841858
3.209030717913697
29.814765457195
180.6967502970391
32.97872340425532
150.3906613466221
0.7390873015873016
0.4449735449735449
0.20896823205749007

LFF













LFF













LFF













LFF













LFF
29.1271994665408
62.92090423243201
0.8901785878198487
3.5999999046325684
3.6053759431654977
32.732575409706286
221.5842852529923
63.921568627450974
278.12659489040595
0.842391304347826
0.43988344988344985
0.23379163984735432

LFF













LFF













LFF













LFF













LFF
27.44987304340801
56.04943766073756
0.3619718387932845
3.3000001907348633
3.2972727272049953
30.747145770613006
223.27421072314343
38.46153846153847
234.14999999441213
0.8132102272727273
0.3629894179894179
0.2287146171751352

LFF
25.84997015575859
51.29185447002095
0.42280701926925723
2.200000047683716
3.3076147346086535
29.157584890367264
205.9561215776185
38.01652892561984
198.68858301094778
0.8
0.41126984126984123
0.21350104099654502

LFF













LFF













LFF
23.74841087311089
47.16732956262393
0.3276595810943462
3.3000001907348633
3.230066332479328
26.97847720559021
179.22280616227468
39.42307692307692
158.41579604298067
0.7738095238095238
0.4729629629629629
0.19786397096456304

LFF













LFF
24.380853329471403
42.596539868428934
0.2772727273404598
3.1999998092651367
3.1978243912103848
27.57867772068177
223.2244242622809
36.79245283018868
171.62584457290234
0.8022388059701493
0.46
0.17920688634448106

LFF













LFF
25.398383850204016
48.22441885180438
0.575000018812716
3.3000001907348633
3.412692197195782
28.811076047399776
224.30810951797176
53.086419753086425
213.11148582536018
0.8141447368421053
0.42037037037037034
0.20968748977760643

LFF













LFF













LFF













LFF
24.24999730642359
41.13540051839552
0.2980769295245409
2.200000047683716
3.2159308620877294
27.465928168511308
234.91793034584592
29.896907216494846
180.55178430062702
0.8226102941176471
0.39142857142857146
0.2095500610617103

LFF













LFF
27.500022380084307
46.15123089140808
0.5327586342805418
3.3000001907348633
3.344642227870735
30.844664607955032
230.43556340952117
35.8974358974359
200.98890664716117
0.7958333333333333
0.3748677248677248
0.218523511053202

RAN













RAN













RAN
34.77716680715705
68.18527424359199
2.2019608296892224
5.699999809265137
4.407074987405297
39.18424179456235
184.06068406443313
37.38317757009346
228.01314852183853
0.7602611940298507
0.895578231292517
0.20616222556480873

RAN













RAN
44.032051491452165
234.6078206649059
2.561403545632697
5.699999809265137
4.380533886917667
48.41258537836982
64.1605617277788
61.49732620320856
247.63112252125745
0.78125
0.894920634920635
0.17210998035906175

RAN













RAN













RAN













RAN













RAN













RAN













RAN













RAN













RAN













RAN













RAN













RAN













RAN













RAN













RAN













RAN
46.5306554910278
77.58563975176051
2.645762762780917
5.400000095367432
4.632402119852275
51.16305761088004
185.67763056846348
53.939393939393945
305.25254015224976
0.8634868421052632
0.888095238095238
0.2955444973746956

RAN













RAN
39.90758060634532
76.108616308729
2.464285739830562
5.400000095367432
4.535357318400728
44.44293792474606
190.53619337532766
46.15384615384615
283.09618974605235
0.8116883116883117
0.8801020408163266
0.19109947178932804

RAN
46.61391304685254
77.5567053629909
2.218867971790287
4.5
4.399896537812527
51.013809584665054
173.14192391016104
57.80346820809249
263.2276675808195
0.8133561643835616
0.9239947089947089
0.23328319489363725

RAN













RAN
38.21631559957496
91.17714692432514
2.2482759027645507
4.699999809265137
4.432593723888305
42.648909323463315
153.37855273287727
45.18518518518518
262.6176608655519
0.8023648648648649
0.8392592592592594
0.2294050235586159

RAN
47.07327991575775
105.38144875793135
2.703896153476331
5.699999809265137
4.741995483641448
51.815275399399205
162.15209303825546
60.0
325.63353699961874
0.8384146341463414
0.9183597883597884
0.20542845886816927

RAN













RAN
44.548470539088804
157.69386972445676
2.3446428988661085
5.699999809265137
4.435698274089598
48.984168813178414
90.51776964562274
49.26470588235294
218.7763086192173
0.7110507246376812
0.925952380952381
0.21696224124916255

RAN













TBF













TBF













TBF
28.25438432622872
69.17433709479249
0.9974359134450937
2.200000047683716
3.5937029465110677
31.848087272739804
130.53593380618938
22.36842105263158
133.4986616541299
0.6302966101694916
0.7777777777777778
0.2589894217957464

TBF
25.885922385154046
41.81730067071448
1.046808528614805
2.299999952316284
3.608522707208133
29.494445092362177
247.94105717367103
19.78021978021978
179.13596298599384
0.6806506849315068
0.7509523809523809
0.33741234887816907

TBF
28.856486651111066
66.09999485015871
1.290196112265774
3.3000001907348633
3.672159870521805
32.528646521632886
154.03105797135544
26.373626373626376
155.29784934430612
0.6296641791044776
0.7964285714285714
0.26203343223676656

TBF
33.2944671165426
58.464468927485946
1.3272727498953993
2.299999952316284
3.7263881386739377
37.02085525521653
185.83501246413056
50.69444444444444
202.5073594515949
0.761443661971831
0.8190740740740741
0.26902641806038197

TBF
31.67393069925387
52.17277662510775
1.1267857390588947
3.3000001907348633
3.6713788626955504
35.345309561949435
204.3940480665268
44.71544715447154
193.3181206334088
0.7674632352941176
0.8213492063492064
0.2421862449179568

TBF
30.045354041781916
57.29999828338624
1.040000020298693
2.200000047683716
3.5715371713257222
33.61689121310767
180.17862832079814
33.33333333333333
178.72134053855717
0.7098214285714286
0.7759523809523808
0.2742822482047289

TBF
37.790566469968624
74.96607398423934
1.176811619837215
3.3000001907348633
3.7565442653592034
41.54711073532783
174.7581372128366
58.24742268041238
239.25529333438095
0.783179012345679
0.8607671957671957
0.28428969398169507

TBF
35.79850851610623
78.39999847412109
1.1925926156066082
2.299999952316284
3.697648004020604
39.49615652012682
156.30759431914302
49.673202614379086
226.56233206984137
0.7954545454545454
0.8436507936507935
0.3203924258550904

TBF
35.02048977432762
66.8528505766767
1.2118644315307423
3.3000001907348633
3.7524128687370224
38.77290264306466
201.9310097152851
57.36842105263158
239.7476578581025
0.7870370370370371
0.8364814814814814
0.3178053666328084

TBF
25.455503987704645
54.38479053733683
1.0842105440403287
3.1999998092651367
3.611811396462219
29.06731538416688
170.1262862426559
21.951219512195124
152.3404186502121
0.6640625
0.7311111111111112
0.26951953285940317

TBF
30.282908669020156
69.0000005722046
0.9559322258425971
3.3000001907348633
3.5919995136717944
33.87490818269196
164.51415747497438
40.0
194.53628114292738
0.725
0.8274603174603176
0.3464141405672484

TBF
34.43736012801843
65.83927326000476
1.1117647326387026
3.3000001907348633
3.713670108093099
38.15103023611156
194.63452468563816
51.49700598802395
244.2882480424733
0.8063271604938271
0.7605555555555555
0.28870820138679515

TBF
45.51886037310547
82.31616278847454
1.441025649030239
4.699999809265137
3.8805574363091537
49.399417809414565
170.83494539675473
65.4471544715447
270.0836189936839
0.8161764705882353
0.744021164021164
0.22255755359216353

TBF
30.760151435686247
62.25866165623749
1.041071446213339
3.1999998092651367
3.6237381891418314
34.3838896248281
172.101822530886
36.36363636363637
170.27664150876174
0.6696428571428571
0.7562925170068027
0.25943223005582344

TBF
31.714772814565308
60.90000152587891
1.1160714538501841
3.3000001907348633
3.7109047639616226
35.42567757852694
188.6209640785813
44.85294117647059
213.97902367161828
0.7666666666666667
0.7477777777777777
0.2595873461659304

TBF
38.49585350890081
68.10000100433828
1.4397436106243195
4.300000190734863
3.8846009038914144
42.38045441279221
214.84924377774246
65.07936507936508
270.26678963539683
0.7883522727272727
0.7569456469456468
0.3249733846455562

TBF
37.36460937147044
62.135361999519915
1.4962963285269562
3.4000000953674316
3.8696166745847185
41.23422604605516
215.24061788088954
59.27835051546392
244.11881461978044
0.7911392405063291
0.8044444444444444
0.2534877826696536

TBF
26.335639740538035
48.82979279799117
1.0682927028435032
2.5
3.645216785384561
29.980856525922615
172.60623096828024
24.675324675324674
145.9376150623843
0.6896551724137931
0.8714285714285714
0.26363911336096146

TBF
27.971260684803664
53.69698404111466
1.2000000160187483
3.1999998092651367
3.6968475696847376
31.66810825448841
196.11270932766044
30.612244897959183
181.32431746412703
0.7215073529411765
0.8177777777777777
0.21117659273317022

TBF
30.660531720847043
56.50000038146973
1.0869565461964712
2.200000047683716
3.575272447135065
34.2358041679821
150.29403367872797
25.0
137.0522536620472
0.6302083333333334
0.828888888888889
0.3109094613006453

TBF
26.03056704321626
47.54512533275561
1.1075000185519457
2.299999952316284
3.629732895644633
29.66029993886089
201.209831133379
31.57894736842105
161.22029432405216
0.6826923076923077
0.8476190476190477
0.2554649466732302

TBF
37.02797371897894
85.14195892550632
1.050000015925616
3.1999998092651367
3.767699058008261
40.79567277698724
163.83848680901312
48.5207100591716
244.4826918178212
0.7435344827586207
0.8288624338624337
0.2758565773405459

TBF
33.50149088073584
62.16577159490724
1.161702148616314
3.3000001907348633
3.698980499771205
37.20047138050707
182.87688925878854
39.66942148760331
199.9188438637754
0.740582191780822
0.7710317460317461
0.3214983618156962

TBF
26.391134305943798
53.72948649704051
1.0372093202069748
2.5
3.592617628435345
29.983751934379143
173.64214258661008
19.480519480519483
139.37137374022967
0.625
0.77
0.22138693095787346

TBF
41.40743065398945
86.30594686763547
1.3500000301003456
4.300000190734863
3.9826143560369416
45.39004501002645
191.92350817170032
71.13095238095238
320.6583879767848
0.8247422680412371
0.7108201058201058
0.2546490758965351

TBF













TBF
26.418193586362705
53.123144864064066
1.065000019222498
2.5
3.5567561367338247
29.97494972309655
155.47993709448247
8.064516129032258
132.59697525482622
0.6578947368421053
0.8380952380952381
0.2709101858401887

TBF
26.75339187221161
44.404798701657434
0.9522727475586262
2.5
3.525783110124049
30.27917498233565
212.57492025272316
16.049382716049383
156.26378145119452
0.6479779411764706
0.7963492063492065
0.27530034129947306

