AFF
55.649465790624085
104.49999990463255
1.0763636415654962
4.5
3.8048007795044727
59.45426657012855
122.06051626672756
79.14438502673798
247.64580689845843
0.8493589743589743
0.5822222222222222
0.30585458072025407

AFF
45.53026568839638
80.10157099555236
0.6413043556006058
3.5999999046325684
3.4660832084051263
48.99634889680154
121.20001616318368
75.36764705882352
218.17257467704118
0.9365671641791045
0.5811111111111111
0.313395367154962

AFF
45.67497669974494
73.79999418258667
0.725862087874577
3.5999999046325684
3.59171038389308
49.26668708363802
148.07307866580302
77.97619047619048
249.91156790740905
0.9425675675675675
0.5474675324675324
0.2799945983049271

AFF
47.76590976750669
94.69999303817748
1.0640000295639038
4.699999809265137
3.746553269782483
51.5124630372892
126.2940416202618
76.34069400630915
264.6436417151766
0.9366666666666666
0.5941269841269841
0.22017851064145466

AFF
55.52250449445033
95.04903030064159
0.9171428680419922
4.5
3.715866531169519
59.23837102561986
155.50784659699391
82.8740157480315
294.5718448628139
0.9051724137931034
0.4867460317460318
0.34467512946953377

AFF
60.60482044289761
111.69999256432054
1.1876404724931449
4.5
3.7516464867664485
64.35646692966411
130.38947131168644
81.26361655773421
302.8292936237273
0.938953488372093
0.56
0.3160344994289576

AFF
57.28538543059714
102.49999332427977
1.2314286010605948
4.5
3.816691125892061
61.10207655648918
145.004375266451
81.12798264642083
289.98782324900617
0.867816091954023
0.6446581196581196
0.33829191946760817

AFF
52.05975195810617
92.34070571012896
1.2854838948096
4.5
3.9189507391687077
55.978702697274905
144.90350049169945
81.49882903981265
286.54204811408533
0.9272151898734177
0.5703823953823954
0.3577675137516797

AFF
47.908861091955124
81.59999351501465
0.7771929983507123
3.5999999046325684
3.45337781134397
51.36223890329906
120.36529637245161
76.67844522968198
209.55553134300663
0.928030303030303
0.5716836734693879
0.2642043310468407

AFF
40.74505740828683
78.71950152323231
0.8386363766410134
4.400000095367432
3.5526942750274446
44.29775168331429
136.80352824252762
73.35907335907336
214.11872573008128
0.8804347826086957
0.6605555555555555
0.41221000630379856

AFF
46.58886207651723
85.97941229863511
1.048076950586759
3.5999999046325684
3.706067266670277
50.294929343187476
125.94598238067317
75.44483985765125
226.132793249886
0.8876811594202898
0.5521693121693121
0.369790849434456

AFF
52.50199384024331
97.75747515703576
0.716438352245174
3.5999999046325684
3.5832048107665377
56.08519865100982
145.48491556242462
80.1762114537445
300.40343296898845
0.9361111111111111
0.5092063492063492
0.40515812235901444

AFF
48.571618983934655
79.3738545048284
0.8770491725108662
4.400000095367432
3.6778865611428615
52.249505545077525
161.9277634433431
80.29556650246306
270.59535034851456
0.921875
0.5583178726035869
0.33125474257123894

AFF
48.95757721033736
94.69999303817748
0.92372883174379
4.699999809265137
3.632010092462498
52.58958730279984
128.0054983018929
79.07608695652173
256.00131171035025
0.9155844155844156
0.5650000000000001
0.21222450620580735

AFF
51.46219112670167
95.68961726398472
0.6722222351365619
4.399999618530273
3.5426086330630926
55.00479975976478
139.23304110703404
80.76923076923077
275.17993655669363
0.9117647058823529
0.5252380952380952
0.32424470887584117

AFF
45.282531446989836
73.26292427850018
0.5228070313470405
4.5
3.414371436664305
48.69690288365414
151.77241225704702
78.75354107648725
239.85053078153436
0.9366666666666666
0.45706349206349206
0.2813775063505449

AFF
51.061306420174176
90.49999980926512
0.9225806670804177
4.5
3.650087464832044
54.711393885006224
143.76778573874478
80.47058823529412
277.7160138304593
0.927710843373494
0.5071524771524771
0.297477474556195

AFF
57.38532029540149
112.1017801033562
0.7140350948300278
4.5
3.5196423635498766
60.90496265895132
106.12815907642994
78.18696883852692
243.3643130659638
0.8961038961038961
0.5567460317460318
0.2920858358908296

AFF
55.691784837820435
110.99260353114794
0.8283582231891689
4.5
3.6220728196550414
59.31385765747548
114.37136406606159
80.98591549295774
257.85789839205853
0.8827160493827161
0.6064117364117364
0.13241811009230658

AFF
49.0974291254543
94.69999303817748
1.072727286454403
4.400000095367432
3.942106266356905
53.03953539181119
119.47207467099845
76.40845070422534
233.5293162765812
0.8768656716417911
0.648015873015873
0.42075944941719784

AFF
45.57348852561692
94.09789895352463
1.074000017642975
4.400000095367432
3.6697617818130093
49.243250307429925
115.15860323447815
74.62121212121212
213.62803194485474
0.8805970149253731
0.5566666666666666
0.3760519824135559

AFF
58.46554291970971
108.28775110352285
1.0439560662259113
3.5999999046325684
3.723334297868361
62.18887721757805
132.82553719758042
80.90128755364807
318.33578401787054
0.9634831460674157
0.5230952380952381
0.3840106898558904

AFF
51.86359573381086
94.69999303817748
0.7111111167404387
4.5
3.6039260490978586
55.467521782908705
141.82068681135314
81.0989010989011
284.1199135030899
0.9186046511627907
0.49880952380952387
0.31452483052181257

AFF
46.03406723459478
89.3999994277954
0.9678571649960109
3.5999999046325684
3.693948966013744
49.72801620060856
127.39010567207445
77.56410256410257
234.3556270904282
0.9071428571428571
0.6182010582010581
0.3490827566977778

AFF
58.05001670925414
97.55728365750258
1.0348485112190247
4.400000095367432
3.7107789072031263
61.76079561645729
144.31949633081217
81.77874186550976
281.73132036804327
0.8988095238095238
0.5507407407407408
0.3155634329738135

AFF
54.60643190188136
104.49999990463255
1.6307692634753692
4.699999809265137
3.8780189195159
58.4844508213972
122.17042842941545
79.13279132791328
273.6552040806538
0.9090909090909091
0.6665608465608466
0.19288741258692366

AFF
56.90091834176598
89.04494611379165
1.0623188398886418
4.400000095367432
3.787743389498151
60.688661731264105
142.52634073909408
81.92488262910797
274.2773013605066
0.9383116883116883
0.5663492063492064
0.23461432770527507

AFF
46.12440236962181
89.3999994277954
0.6313725616417679
3.5999999046325684
3.502089247135953
49.62649161675777
119.08141251295966
77.52442996742671
215.72464161323506
0.8876811594202898
0.5525396825396826
0.25753508854870216

AFF
63.658497162016594
136.2999995231628
1.3338028477950834
5.400000095367432
3.9065980923535215
67.5650952543701
111.44141790129474
82.61758691206545
292.18414779473886
0.8852941176470588
0.5866931216931217
0.32195253956729536

AFF
46.442521416538455
88.29728448275318
1.0029412122333752
3.3000001907348633
3.666422448334071
50.10894386487251
135.06458747039002
77.51479289940828
248.29668001738295
0.8914473684210527
0.6282600732600733
0.2582543342872095

ANF
38.65184788563101
109.06573496928678
2.5254237672029913
5.699999809265137
4.534430345224601
43.18627823085562
150.6320441944263
50.31055900621118
293.6378562635386
0.803125
0.9793650793650793
0.30387648120684285

ANF
32.46917672079428
70.79999942779541
2.4529411915470574
5.400000095367432
4.539807102487576
37.00898382328189
219.32568054196517
37.301587301587304
300.2933143052292
0.8354430379746836
1.0
0.27184380217461956

ANF
36.676223576638556
65.02790282276504
2.5938461813789147
5.400000095367432
4.63238560887113
41.308609185509724
221.8796812781418
41.08527131782946
267.2495170985775
0.756578947368421
1.0
0.28576775636284973

ANF
35.137164132794034
63.27389051201014
2.546969737067367
4.699999809265137
4.696934508996321
39.83409864179034
233.91147790492025
27.027027027027028
292.2853550355313
0.7716049382716049
1.0
0.3159064404942837

ANF
35.87009680338226
66.73145453905846
2.6111111491918564
5.400000095367432
4.699557148369244
40.569653951751484
225.73112489857272
41.04477611940299
292.16589492169226
0.7943037974683544
0.9904761904761905
0.3400225563075165

ANF
34.615286140546516
61.72120429711676
2.1297872776680804
4.5
4.282833348429415
38.898119488975944
173.75535280097318
38.23529411764706
219.84878616087957
0.8214285714285714
1.0
0.3578053243418298

ANF
40.92666752937072
86.20000028908252
2.2909091287232064
5.699999809265137
4.474996237594457
45.40166376696519
185.41009515470907
49.700598802395206
316.0120104386407
0.8452380952380952
0.9782051282051282
0.35097051187548733

ANF
32.47514389701324
56.79999628067017
2.3886363961818544
4.5
4.434714472869476
36.90985836988271
194.88530143531688
33.6734693877551
233.15643200427454
0.8076923076923077
1.0
0.38704139590383885

ANF
36.055854576463624
62.66954775458614
2.3882353025324203
5.699999809265137
4.430737339887445
40.48659191635112
212.08988902286302
36.52173913043478
265.3413448180494
0.821917808219178
1.0
0.3148568032378018

ANF
32.16516299827563
53.66665852329157
2.2340000009536745
4.5
4.413362610858073
36.57852560913368
215.86090416136625
41.07142857142857
242.43292608426748
0.8333333333333334
1.0
0.2903728787227107

ANF
32.49576540172767
57.553974395233475
2.6213115219210015
5.699999809265137
4.618534758387892
37.11430016011557
238.60143879290723
34.82142857142857
272.6519008043811
0.8082191780821918
1.0
0.3625080487715643

ANF
42.067504920105684
80.99695655673342
2.779069786848024
5.699999809265137
4.576145508526824
46.643650428632526
143.10053884078667
38.613861386138616
234.2919444591904
0.8346774193548387
1.0
0.2856953110229171

ANF
37.27477367109863
85.29999990463256
2.463414650773857
5.699999809265137
4.6265017841164875
41.90127545521514
194.8983555673639
42.384105960264904
334.37437842206566
0.8275862068965517
0.9933333333333334
0.34485271897883746

ANF
37.65228025165998
89.44425619215308
2.269354877572867
4.5
4.557561782933565
42.20984203459353
159.03060017391556
48.95104895104895
285.0523636520114
0.863013698630137
1.0
0.15481124880533378

ANF













ANF
33.98878290412712
59.42949330638644
2.112280747346711
5.400000095367432
4.277678852680405
38.266461756807566
202.73783504767485
37.391304347826086
254.812179331867
0.8263888888888888
1.0
0.39400924938189624

ANF
36.41992376580098
65.38965937321257
2.391752618873857
5.699999809265137
4.7219031629485
41.14182692874948
229.39955238604887
34.45378151260504
295.6647605962232
0.8108974358974359
0.9822222222222223
0.3295192786477513

ANF
40.21208731391079
65.13843380656043
2.518840597699518
5.400000095367432
4.640022555692021
44.852109869602835
242.5490115423832
42.36111111111111
335.27699555979376
0.8734939759036144
0.9904761904761905
0.21218388050817763

ANF
34.938196067731795
72.25245793287954
2.571186462953939
5.699999809265137
4.556339538379222
39.494535606111015
195.65364326163038
33.91304347826087
280.2304400665701
0.8223684210526315
1.0
0.24486023263083453

ANF
35.011857466127715
59.27979970782398
2.4000000075290076
5.400000095367432
4.538970058144236
39.55082752427197
243.4286148004725
41.732283464566926
280.8327453071769
0.831081081081081
1.0
0.30419985898113533

ANF
38.48137892331833
66.00000047683716
2.3982142951073393
5.699999809265137
4.490299658377275
42.971678581695656
210.82204584283662
41.48148148148148
289.24416646329087
0.8132911392405063
0.9888888888888889
0.3094018246193656

ANF
31.839710298829214
50.930245788023214
2.456410316320566
5.699999809265137
4.309460530092771
36.14917082892199
175.17109895827238
34.146341463414636
185.35326618902883
0.8148148148148148
1.0
0.40624016590021955

ANF
34.11287840991541
54.944264514993876
2.5547169761837654
5.699999809265137
4.514009378828643
38.62688778874405
241.14205114833086
32.11009174311927
289.35652090614997
0.8682432432432432
1.0
0.21253639639569322

ANF
32.628899714382825
73.45045004886805
2.4796875305473804
5.699999809265137
4.48582124727895
37.1147209616618
182.83894131164237
31.48148148148148
267.15025180202406
0.8209459459459459
1.0
0.34817025663680184

ANF
35.62272127753098
65.88058320899526
2.4777778221501245
5.699999809265137
4.631464629390721
40.25418590692168
229.18767043963072
38.93129770992366
297.448959603901
0.8125
0.9925925925925926
0.27471639861424657

ANF
34.31546022908178
62.08404130010148
2.6568965562458695
5.699999809265137
4.60577697230168
38.92123720138349
215.22471695122778
33.94495412844037
275.31502617010756
0.8333333333333334
1.0
0.35952976978223494

ANF
33.533887736608136
53.1596241081355
2.4123077392578125
5.699999809265137
4.474836283386054
38.00872401999422
235.13839537062213
33.94495412844037
248.93054056489277
0.7777777777777778
1.0
0.31837129589019597

ANF
42.43090126334767
102.3410492300163
2.5253521116896414
5.699999809265137
4.674089729276225
47.10499099262392
177.90239236176723
51.9774011299435
316.65218340000104
0.7970588235294118
0.9925925925925926
0.35800498584091395

ANF













ANF
33.611658625749314
51.100000667572026
2.692307722874177
5.699999809265137
4.495289395445801
38.10694802119514
195.19203175626365
40.77669902912621
234.19349782177702
0.8524590163934426
1.0
0.23106537973544447

LBG
39.75804007922595
82.89999418258667
0.6914530034758087
4.5
3.5090625621021694
43.26710264132807
179.128777166936
70.20648967551622
321.47531877231904
0.9133663366336634
0.41037999037999034
0.37276610015439426

LBG
41.864025110347995
72.3000002861023
0.5659574574612557
3.4000000953674316
3.3722298182265975
45.236254928574574
127.62806141201642
62.22222222222222
205.75831266429344
0.8970588235294118
0.5485714285714286
0.3203198350754875

LBG
39.69512221354688
71.78478687946166
1.0260869955671006
3.5999999046325684
3.628869599165958
43.32399181271284
162.8884948155502
64.95327102803739
254.18422853293708
0.9266666666666666
0.5174358974358975
0.34383583362197406

LBG
36.89189784673262
70.36535342387737
0.9205882181139553
3.3000001907348633
3.5418189645166853
40.4337168112493
153.35758847313366
60.32608695652174
225.75367119245425
0.8732876712328768
0.47015873015873005
0.27233389024090804

LBG
37.226000178517005
82.03486228633065
0.4492537459330772
4.400000095367432
3.387718297532207
40.613718476049215
152.7124004746183
62.5531914893617
264.6247699010062
0.8920454545454546
0.40211640211640215
0.48899536407226657

LBG
42.67598153682425
91.81105661865307
0.650704241134751
4.400000095367432
3.563716032305233
46.23969756912949
141.13180752014821
69.00369003690037
269.91052553373805
0.9047619047619048
0.48880952380952375
0.3807840987596951

LBG
44.23256997333074
69.43721004646576
0.6088607643224015
4.400000095367432
3.4430118526806393
47.67558182601139
192.37260022248907
67.97153024911033
273.5237031660545
0.8805555555555555
0.4569047619047619
0.3160564960983305

LBG
41.46011112774166
62.53491848306767
1.2890625018626451
4.699999809265137
3.8808513267971936
45.34096245453885
185.44981016791866
59.56284153005464
252.798283898235
0.8851351351351351
0.5422222222222222
0.27491297392810965

LBG
39.492117542960365
69.09999952316285
0.6297872573771375
4.300000190734863
3.3891689812799717
42.88128652424032
142.88633582869628
58.490566037735846
190.20140154559496
0.8560606060606061
0.506031746031746
0.3475253970150451

LBG
41.6163482703527
72.19999942779542
0.9423728995656563
4.5
3.6810464731437116
45.29739474349642
173.4338220136526
69.1119691119691
275.74871785149696
0.9375
0.51994708994709
0.29472815986486717

LBG
37.41580085158008
59.21226065932162
0.522727291692387
4.400000095367432
3.413550062329731
40.82935091390979
156.31281307462643
59.11949685534591
189.99568666751566
0.8692307692307693
0.5703174603174602
0.2805479955400632

LBG
41.6183579507388
74.64186008826628
0.7000000198682149
4.400000095367432
3.551610741481546
45.16996869222035
153.1702240230943
63.38028169014085
232.5868559315766
0.8461538461538461
0.4936507936507936
0.29461987223259234

LBG
39.22049161597196
68.89511337402871
0.7333333591620127
4.400000095367432
3.442343850048381
42.66283546602035
124.49504694242754
55.14705882352941
177.2058362179435
0.8442622950819673
0.551700680272109
0.3412774702565271

LBG
37.84086517413809
60.94495374326265
0.9463414680667039
5.699999809265137
3.6211494240113704
41.46201459814947
151.90912188710337
59.87261146496815
186.05453838734525
0.8174603174603174
0.5644444444444444
0.19757111204758823

LBG
39.18733101589247
71.29999980926515
0.7611111393198371
4.699999809265137
3.663376623376623
42.85070763926907
162.3388578388158
61.5
234.185
0.8214285714285714
0.49841269841269836
0.4037907793918575

LBG
40.62421738658588
77.27965543761606
0.5725490275551292
5.400000095367432
3.430691565016674
44.05490895160257
150.2250996467346
61.951219512195124
229.92894207130055
0.8557692307692307
0.533015873015873
0.2427945144048823

LBG
39.36080389202943
67.91559666325182
0.7027397335392155
5.400000095367432
3.5500825623549015
42.91088645438433
193.133914820445
69.8961937716263
270.2371825076438
0.8793103448275862
0.43857142857142856
0.3372437139588907

LBG
37.92899291900626
63.4333603078002
0.7650000075499217
4.699999809265137
3.571872850726989
41.50086576973325
161.4810961648088
55.15151515151515
226.61552112091113
0.8614864864864865
0.5632804232804233
0.23535551207415703

LBG
34.006984791274014
56.491549310369614
0.550000011920929
4.399999618530273
3.385259594626935
37.39224438590094
193.28209138251174
58.791208791208796
230.115354446115
0.9066666666666666
0.5311111111111111
0.24030234436488632

LBG
41.39812277604697
63.93697461525795
0.3955882472150466
4.400000095367432
3.3569039263050713
44.755026702352055
181.8092039345095
61.165048543689316
237.16144615613842
0.890625
0.45880952380952383
0.3146608034146998

LBG
43.12170171501031
66.55388654700855
0.7431034671849218
4.400000095367432
3.5379303331204084
46.65963204813076
176.7790542306964
61.6504854368932
244.24093835457228
0.879746835443038
0.5306187859759288
0.3080258664811428

LBG
37.12046256441647
59.845042050561226
0.7275362533071766
3.5999999046325684
3.465574985536743
40.58603754995321
190.8166251264036
65.65217391304347
258.0004238574027
0.939873417721519
0.5385714285714285
0.4055808181757558

LBG
41.788503777131474
78.10483852908838
0.5672727303071455
4.400000095367432
3.461343569261136
45.24984734639262
144.39836881994052
64.73214285714286
244.63383199843452
0.8955696202531646
0.4966666666666667
0.3674863118010146

LBG
34.53766531330438
60.39999532699586
0.5638298024522498
4.5
3.4200632679304777
37.95772858123485
143.56515864368487
56.55172413793104
185.8478071237245
0.8650793650793651
0.5124603174603174
0.20422133080949917

LBG
36.76198212014004
61.44464042775254
0.8433333456516265
4.400000095367432
3.6136641846944118
40.37564630483446
184.62817747971712
62.019230769230774
255.68947059085863
0.9018987341772152
0.5543217893217893
0.3076363690523701

LBG
42.8329988551869
70.62463218137874
0.7773333517710368
4.400000095367432
3.5197434147525497
46.35274226993946
148.38889312665134
64.6766169154229
213.07436117979728
0.8626760563380281
0.5104232804232803
0.3412577420045006

LBG
42.64057941983962
75.59999523162841
0.7975903720740812
4.400000095367432
3.673327814633995
46.313907234473625
182.88330676870083
64.34426229508196
291.2895198731576
0.9080459770114943
0.41444444444444445
0.29146693275218244

LBG
38.08344473190774
69.40000057220459
0.5857142915531081
4.400000095367432
3.415640412405343
41.49908514431308
144.04819111596314
60.67415730337079
210.72982886837403
0.8892857142857142
0.539047619047619
0.31678018088344967

LBG
43.04912830003897
85.69999437332153
0.717187512665987
4.400000095367432
3.5682339662240707
46.61736226626303
140.43641560960447
62.441314553990615
257.46871729792565
0.9
0.46801587301587305
0.28629540733183295

LBG
43.00156112735386
67.5807138114956
0.6538461721860446
4.300000190734863
3.462810728996952
46.464371856350844
141.16193612323585
68.29268292682927
194.71860377828042
0.8653846153846154
0.506031746031746
0.14891514031187744

LFF
25.92791925321554
43.751683594792425
0.2067796654872975
2.200000047683716
3.1415806682554868
29.06949992147102
239.58234526325649
24.0
177.07797696587082
0.743421052631579
0.29761904761904767
0.22463069297313135

LFF
25.24974368314089
49.90388759456031
0.33137255614879085
2.200000047683716
3.1827638300095815
28.43250751315047
229.95760013626443
22.018348623853214
213.2511941631108
0.7852941176470588
0.29664021164021165
0.29079467674375886

LFF













LFF













LFF













LFF
22.374472168601145
42.34773118700349
0.28139535493628925
2.200000047683716
3.196562497788108
25.57103466638926
199.48220415138397
35.35353535353536
155.01999985843895
0.75390625
0.39142857142857146
0.2291973153980249

LFF
24.061296770875952
41.077107249298436
0.11355932448375022
2.200000047683716
3.0971607924327285
27.158457563308676
272.65143586402866
15.306122448979592
201.79529013784824
0.786144578313253
0.2547619047619048
0.21674453488448023

LFF













LFF













LFF
22.642273300212747
41.36733704112271
0.17254902334774241
2.200000047683716
3.1222998012787953
25.764573101491536
233.68873810590907
17.647058823529413
155.6037068304633
0.7142857142857143
0.303968253968254
0.1627376957276345

LFF
24.435742921749377
45.394306604118384
0.224489797895052
2.200000047683716
3.1752401946351387
27.610983116384503
205.02122516932926
35.45454545454545
176.70467307135866
0.778169014084507
0.41262428048142336
0.20258131656291786

LFF
26.591874408798333
41.09266910880937
0.05333333214124044
2.0999999046325684
3.0513513513513515
29.643225760149686
242.8339820718603
10.843373493975903
173.37499999999997
0.7702702702702703
0.2648412698412698
0.20380918193382658

LFF
22.70159999405036
42.342993117489215
0.13448276152384692
2.200000047683716
3.098168275029033
25.79976826907939
246.50737643384164
19.148936170212767
180.9676972255516
0.7697368421052632
0.3144444444444445
0.1908844380812555

LFF













LFF
23.8252037021536
39.46926006590303
0.08421052443353753
2.0999999046325684
3.057846156780537
26.88304985893414
217.4322188562713
13.333333333333334
145.16500019073487
0.7307692307692307
0.3298412698412699
0.23083285106412585

LFF
22.0602502874833
43.20358381654141
0.0015384615613864019
0.10000000149011612
3.0021793418571994
25.062429629340503
228.50166811009197
7.5
168.12281782435818
0.7567567567567568
0.3094179894179895
0.2592399450311505

LFF
21.101854440881837
39.50679867073438
0.10000000213799269
2.200000047683716
3.0759709486218108
24.17782538950365
255.76723939092489
14.457831325301203
164.20989981761537
0.7535211267605634
0.28293650793650793
0.15245339679688683

LFF
22.107455021717527
46.39977068692661
0.49859156847839625
3.3000001907348633
3.3122940390234876
25.419749060741005
249.71034442411835
41.54929577464789
219.36838837862433
0.8012048192771084
0.34925925925925927
0.19572065901578814

LFF
19.605217628906797
38.95874435837224
0.23157895238775955
1.100000023841858
3.137126631676135
22.74234426058293
249.34328949408894
21.176470588235293
162.8656131340649
0.7686567164179104
0.36579365079365084
0.23485544098510935

LFF













LFF
23.28814691750533
42.93131721162038
0.34418604999434116
2.200000047683716
3.2639172710120836
26.552064188517413
299.91028630504456
27.419354838709676
237.93397032743792
0.8055555555555556
0.30182539682539683
0.2799469440105321

LFF
26.960760623135627
47.67388979444582
0.4573170833471345
2.200000047683716
3.2696691562334563
30.230429779369093
251.3860572838309
38.1294964028777
235.21142690727348
0.8313953488372093
0.36540404040404045
0.24666577604623474

LFF
23.141909011019447
38.49498699155343
0.2901639407042597
2.200000047683716
3.2173282370315546
26.359237248051
285.35526169487326
29.464285714285715
196.1888227542517
0.7721518987341772
0.352996632996633
0.25428717713115534

LFF
22.71819851252696
43.260646733860085
0.3316666738440593
2.200000047683716
3.2039063612007253
25.92210487372769
227.0623331164503
30.303030303030305
173.22682117628494
0.7753623188405797
0.36445578231292514
0.3087223851960911

LFF













LFF
24.44603120355856
39.420807305864216
0.17142857504742487
2.200000047683716
3.1405849967900874
27.586616200348647
249.06247502142796
20.0
157.43515582701795
0.7316176470588235
0.31746031746031744
0.1589823992563332

LFF
19.383567830267495
38.57051918153171
0.06000000130046498
1.100000023841858
3.0535671171045373
22.43713494737203
253.4294486074119
13.095238095238097
177.25039954863126
0.7945205479452054
0.25773809523809527
0.20067437930585796

LFF













LFF













LFF
22.213391317253368
39.64889897810566
0.18965517652445826
1.100000023841858
3.098820297610571
25.312211614863937
223.8076218715345
15.384615384615385
148.62606996419998
0.7234848484848485
0.34412698412698417
0.1747189228397588

RAN
46.46434691528134
278.7999991461635
2.1911111381318835
4.699999809265137
4.305799405232384
50.77014632051371
52.716312215794346
47.32824427480916
234.71390384635853
0.7862318840579711
0.7994708994708994
0.23694285196284234

RAN
30.878079211583724
49.45517763554988
2.0708333924412727
5.699999809265137
4.275302188826012
35.15338140040973
234.06483756205253
21.59090909090909
201.23584873726188
0.6811594202898551
0.812063492063492
0.2116508228603819

RAN













RAN
38.92539753651703
98.61916114163336
2.2155555804570515
4.400000095367432
4.302113127020992
43.227510663538055
124.09634745315357
30.526315789473685
198.72193253424342
0.696969696969697
0.9365079365079366
0.2966219480012261

RAN













RAN













RAN













RAN
35.45624356157514
87.37310286317405
2.1720000310242176
4.699999809265137
4.305656302610524
39.761899864185665
162.90250146938402
35.96491228070175
249.80151369316408
0.8013698630136986
0.8498412698412697
0.24109232125690805

RAN
40.67151497458698
71.7832760436232
2.5526316245658354
5.400000095367432
4.574703167028692
45.24621814161567
211.82950889259433
37.98449612403101
273.06924036431565
0.73125
0.9057142857142857
0.28164004705428874

RAN













RAN













RAN













RAN
43.178590779157325
90.85572030932326
2.4506849720053476
4.699999809265137
4.622959851795377
47.80155063095271
165.59306598255637
39.53488372093023
295.93236033613385
0.8205128205128205
0.9083261183261183
0.31262820242295647

RAN
32.945076283295506
61.850482622821154
2.2907407968132585
5.400000095367432
4.434807463060372
37.37988374635588
227.1902401597094
29.357798165137616
275.63490723483727
0.7987012987012987
0.8245502645502647
0.2164715263854543

RAN













RAN
36.16022268721895
65.23931661228552
2.2720000186562537
5.699999809265137
4.542392684110389
40.702615371329365
190.4873582463744
30.208333333333332
213.62545251151295
0.6940298507462687
0.8142857142857143
0.28039596417446844

RAN













RAN
31.573912863157844
54.52083418714611
2.3452381395867894
4.699999809265137
4.467375872986166
36.04128873614401
198.03662414032166
27.380952380952383
185.68753092739163
0.6639344262295082
0.8816666666666666
0.21378588243548946

RAN













RAN













RAN













RAN













RAN
47.434282446984945
90.71807457771469
2.593421106275759
5.400000095367432
4.78167548928341
52.21595793626837
181.28719097217365
50.609756097560975
332.4974723317036
0.8611111111111112
0.8496598639455781
0.2927333042188127

RAN













RAN













RAN













RAN
38.502297210254554
163.45646714724168
2.635593270093708
5.699999809265137
4.729832879874553
43.2321300901291
105.57230304811317
43.06569343065693
302.52136362788644
0.8205128205128205
0.9051851851851852
0.2867487331632608

RAN













RAN













RAN













TBF
26.124599507817436
48.78287903576186
1.0216666835049788
2.5
3.6453416723820555
29.769941180199485
249.95286656145154
8.13953488372093
180.4850067050204
0.629746835443038
0.7509523809523809
0.2611634117904446

TBF
32.517191241397065
65.98497397761224
0.7817073322650863
2.200000047683716
3.5622236334712305
36.07941487486833
205.75845036094768
45.06172839506173
235.94813258812113
0.7415730337078652
0.7258201058201059
0.3289695926006295

TBF
31.5695305778244
58.52523786969549
0.9971014697482621
2.200000047683716
3.5987310510221753
35.16826162884659
218.90522720895217
37.03703703703704
224.4729406290691
0.7352941176470589
0.8188359788359789
0.37503556353988715

TBF
26.880529664439784
41.889481626170486
1.025862086821219
2.5
3.6652464620917105
30.545776126531486
289.0895041577823
27.43362831858407
229.8871292216598
0.7652439024390244
0.7629629629629631
0.30071572927135565

TBF
24.294046950680077
43.906663710048164
1.087234061449132
2.299999952316284
3.6223935151205726
27.916440465800648
231.60853095472538
10.0
166.87676890220823
0.6354166666666666
0.8092592592592595
0.24978912335843287

TBF
28.01575194136605
54.66101676493927
1.087234061449132
2.200000047683716
3.600841803457559
31.61659374482361
189.9938162797759
19.27710843373494
162.04024667841236
0.667910447761194
0.7892063492063492
0.3392474435257674

TBF
29.83481915621432
55.09390111247385
0.9824324492868539
2.299999952316284
3.6337379320995797
33.468557088313936
216.3715616923279
42.64705882352941
213.47312546107577
0.75
0.8487157287157286
0.37675522415004375

TBF
25.64226954955556
47.139205369139994
1.0422222404016388
2.5
3.5654584185189457
29.207727968074504
192.8911038987482
7.246376811594203
133.52794861664833
0.5859375
0.7879365079365078
0.31464940590886376

TBF
31.16060110978017
50.87042358772963
1.075000019887319
2.5
3.615173383422707
34.775774493202874
230.9448392603224
10.465116279069768
172.96265133549534
0.6168831168831169
0.7201058201058201
0.30534748051847077

TBF
29.52119271188171
62.499998664855966
0.950000018072434
2.299999952316284
3.6529872055682584
33.17417991745
213.68951015256056
38.1294964028777
215.88372561304095
0.686046511627907
0.8029365079365078
0.4438691283953527

TBF
30.791949572572598
53.399300680149395
1.0783784009918973
2.200000047683716
3.6644479208792924
34.456397493451895
237.83831525920655
19.81132075471698
230.11219201155788
0.7352941176470589
0.8405820105820108
0.37297024385239136

TBF
29.72861021153303
58.39999961853028
1.1316666882485151
3.1999998092651367
3.640175874308435
33.368786085841506
193.7534097108565
17.02127659574468
207.48373034579325
0.7275641025641025
0.8165079365079365
0.33017985467040817

TBF
33.40971562840391
69.67579205790156
1.097674441718778
3.3000001907348633
3.7243665969191446
37.134082225323056
183.65927645144944
33.60655737704918
220.57164146863585
0.7253086419753086
0.802032227032227
0.3451758640216432

TBF
28.053233920494545
46.220028329699794
0.997435915355499
2.0999999046325684
3.5290551695603187
31.582289090054868
181.7775380857849
1.639344262295082
110.0396674162179
0.5166666666666667
0.7966666666666666
0.2996818687385681

TBF
28.272410156236308
52.96807950999711
1.0183098804153188
3.3000001907348633
3.656074955233437
31.928485111469772
247.40321446884172
27.86885245901639
249.7558694553722
0.7727272727272727
0.7898412698412698
0.3213763609286927

TBF
30.561694121232772
59.379800969001195
1.070786540762762
3.3000001907348633
3.7132341290482374
34.27492825028103
228.92390491537338
32.8125
250.86616002816035
0.7819767441860465
0.7846560846560847
0.41853979448786177

TBF
28.289512076556118
50.28449075682477
1.0586956755622574
1.2000000476837158
3.5481406373468705
31.83765271390299
193.2730505406308
4.411764705882353
129.95923364294364
0.5576923076923077
0.7485544217687075
0.31065594406627706

TBF
28.020973582632834
51.61384043881446
1.0209677620760855
2.200000047683716
3.6429437678685006
31.663917350501347
247.16753137174817
31.666666666666664
228.54949653757595
0.7621951219512195
0.7850793650793652
0.34258948461665023

TBF
27.853403876088503
46.33574610702514
1.1642857330540817
2.5
3.624036265811605
31.477440141900132
206.58008660542802
11.267605633802818
153.92972491977164
0.6746031746031746
0.8055555555555555
0.3543679509844435

TBF
31.86813794148067
56.34854660449974
1.138554243079151
3.3000001907348633
3.7494011014695574
35.61753904295022
236.34491954250765
47.27272727272727
267.6005933815147
0.8103448275862069
0.8421861471861473
0.3809091716143761

TBF
29.620569974668516
51.848983160221444
0.8867924732138526
2.200000047683716
3.527426665605335
33.14799664027383
207.5237879379759
12.345679012345679
153.22401248598723
0.6056338028169014
0.7152380952380953
0.3201315736917708

TBF
33.54921286315171
58.73403799664387
0.9710526524209663
3.3000001907348633
3.6982653403235406
37.24747820347525
225.15893283953756
48.125
240.05524454209046
0.7801204819277109
0.749074074074074
0.27763213218813476

TBF
27.057959638005787
46.56855561837584
0.9451613069301651
2.299999952316284
3.595893262181378
30.65385290018718
231.317997480357
23.157894736842106
178.59050440856697
0.678082191780822
0.7526623376623377
0.29763089140063453

TBF
23.881700057786745
44.15479397709066
1.1391304582357407
2.200000047683716
3.6646622562504025
27.546362314037143
225.7798390367929
20.73170731707317
172.844605324864
0.7230769230769231
0.9083333333333334
0.32893765404731623

TBF
28.30637606014277
50.674975894192926
0.9371428749391011
2.5
3.6302684109631875
31.93664447110597
243.14751953896246
35.483870967741936
213.17294735619498
0.734375
0.7311111111111112
0.30064414846722565

TBF
29.84485269771755
55.19732816238206
1.0880000229676565
2.299999952316284
3.669164362045832
33.51401705976341
218.20869595769747
41.35338345864661
218.65355368385556
0.7596153846153846
0.7698593073593073
0.39323860828323104

TBF
27.17028844312797
47.26421848881786
0.9142857321671077
2.0999999046325684
3.5754569164620165
30.745745359589986
238.22283586038142
19.148936170212767
164.029263937991
0.6019736842105263
0.7403174603174603
0.36116352489628717

TBF
28.35206836547692
53.23573719126856
1.0754717189186025
2.5
3.6231422444618877
31.975210609938813
211.33259279281953
10.0
145.0391262280917
0.5555555555555556
0.8119047619047619
0.3430331506647954

TBF
28.597902865885864
47.7840190270583
1.0079365262673015
3.1999998092651367
3.625004569194487
32.22290743508036
253.19177470868357
30.08849557522124
200.9900210612127
0.7025316455696202
0.8068518518518518
0.34992439501855266

TBF
32.962397200072644
63.79999933242799
0.971641812862745
3.4000000953674316
3.6505730915602674
36.61297029163294
195.59592531610414
39.705882352941174
221.7728166734326
0.7378048780487805
0.8415873015873016
0.3635501220892534

