AFF
51.35370517825593
95.530874063887
1.4382353284779716
4.699999809265137
3.9393895291734404
55.29309470742939
130.5925996627609
77.4294670846395
254.16988769153954
0.8923611111111112
0.619189342403628
0.34684656071876435

AFF
55.71477061468035
102.49999332427977
1.1649123095629508
3.5999999046325684
3.760714840336765
59.475485455017136
121.76765762892124
79.78436657681941
254.9530293551262
0.9033333333333333
0.6114285714285715
0.23356519713142943

AFF
37.82519010995642
65.19154948964848
0.4125000089406967
2.200000047683716
3.322276872087034
41.14746698204346
147.9378716540044
72.76595744680851
193.34255504542577
0.9140625
0.58171768707483
0.3631219252721152

AFF
50.702890904246125
81.96886914802357
1.150000003667978
4.699999809265137
3.8004105864412256
54.50330149068735
138.10414617402623
77.46031746031747
246.97615570543113
0.9190140845070423
0.586931216931217
0.2895218972566821

AFF
49.95080137519023
91.97011533448413
0.9500000249771845
3.5999999046325684
3.6039652009278482
53.554766576118126
113.00390049252377
77.44107744107744
219.93732207318453
0.914179104477612
0.5047619047619046
0.32434836265809247

AFF
56.504467501366044
96.73523960661578
1.0092592658819977
4.699999809265137
3.8074261689053963
60.31189367027143
131.57938404765565
80.0531914893617
264.62818975440547
0.9266666666666666
0.6266522366522367
0.27401328055406515

AFF
52.47644458517544
95.26998817554221
1.1817204490784676
3.5999999046325684
3.735398283658622
56.211842868834054
136.35709900308672
77.62430939226519
274.1696922655078
0.9104938271604939
0.6133862433862434
0.25610798187870915

AFF
50.87750321295733
86.42246552852593
1.0852941327235277
4.5
3.7651216292028575
54.64262484216022
153.4746240159323
79.69151670951156
269.44290405627777
0.9050632911392406
0.5474074074074073
0.25300065585543074

AFF
53.24639824922631
83.81603479897446
0.9679245431468172
4.5
3.741595663094317
56.98799391232063
138.92135062572757
78.90173410404624
242.76148340588526
0.9006849315068494
0.6258503401360545
0.2677596799747115

AFF
53.197152705365895
112.0176894449475
1.2611765048083137
4.400000095367432
3.924307819407238
57.12146052477309
133.18519359880452
79.46210268948656
297.5059154974234
0.9077380952380952
0.4930808080808081
0.34886612577828147

AFF
56.562947447003175
83.88536758748059
1.089285712156977
4.5
3.797212137808354
60.36015958481149
149.54189577056235
81.40096618357488
269.8560611911625
0.922077922077922
0.5926984126984126
0.28696185786157996

AFF
57.65149914144959
97.58291773698743
1.216666676931911
4.5
3.884637252383044
61.53613639383265
145.6443148593282
80.97447795823666
298.45566648775934
0.9359756097560976
0.6611111111111111
0.26427065842557595

AFF
53.263010426407995
89.3999994277954
0.8912500083446503
4.5
3.7432807534577925
57.00629117986581
187.56944621904927
81.36531365313652
353.70247321101283
0.9405940594059405
0.4677777777777778
0.4290601169790274

AFF
57.664735568045955
111.69999256432054
0.7396825533064585
4.5
3.6419086502772076
61.3066442183232
123.97879133839892
81.1816192560175
280.63431365751023
0.9011627906976745
0.5572053872053871
0.3100144832838268

AFF
51.84085947019258
99.95905282102015
1.1145161640259527
3.5999999046325684
3.8179675983340338
55.65882706852662
140.73600777311677
77.92553191489363
284.78071549817605
0.9006024096385542
0.5264285714285715
0.34289240551740274

AFF
48.1458964397772
81.65283855128634
0.7807017752998754
4.5
3.574750139438174
51.720646579215384
144.18850325266473
78.26086956521739
236.4550550755157
0.8933333333333333
0.516031746031746
0.3368324251961956

AFF
58.3075831027737
102.49999332427977
1.0238806205009348
4.5
3.706394836201775
62.013977938975515
124.0448593826475
80.68459657701712
261.6701363608302
0.9018987341772152
0.5313492063492063
0.22968023333099202

AFF
52.21972370401321
94.78965435631345
1.0729411980685066
4.399999618530273
3.79502562320207
56.01474932721531
164.318475831342
80.41666666666667
318.6818486226341
0.898936170212766
0.5321813371813371
0.40329182110582656

AFF
48.92687749090967
85.97861795469986
1.101515166687243
4.699999809265137
3.79889115083882
52.72576864174851
150.60146538954933
78.51239669421489
253.76439347705346
0.8589743589743589
0.5816137566137567
0.1738514481136693

AFF
45.9092471731737
83.53088290709071
0.9566666801770528
4.400000095367432
3.6594092723926357
49.568656445566326
145.74651650401418
78.27298050139275
261.48813068112065
0.9262820512820513
0.5043915343915344
0.40794176672351873

AFF
45.46202329766694
76.12402415680513
0.8098039346582749
3.5999999046325684
3.5773244676705627
49.039347765337475
149.4585953516235
75.51020408163265
239.43066184551896
0.9305555555555556
0.6457142857142856
0.2742759344095136

AFF
48.73770015029287
104.49999990463255
0.8580000281333924
3.3000001907348633
3.6312996712634944
52.368999821556386
112.03749374539775
76.41509433962264
250.2362593506627
0.92
0.5896825396825397
0.3282680250029737

AFF
45.81059311025763
80.25470101566953
1.1892857402563095
4.400000095367432
3.7903879177509467
49.60098102800858
137.9024405069139
74.26470588235294
238.06999848884797
0.9
0.594920634920635
0.3820080560932919

AFF
42.847961755463196
72.6999942779541
1.2906250339001417
3.5999999046325684
3.9935536269170577
46.841515382380244
143.20075079388033
72.56637168141593
216.08199014544888
0.8709677419354839
0.6644444444444445
0.24491893923053115

AFF
56.37391887854899
104.25163372245595
1.0986111346218321
4.5
3.80729176425605
60.18121064280502
142.42643572004562
81.34490238611714
297.9120917260203
0.9127906976744186
0.5791269841269842
0.32381470550100316

AFF
46.21954177405863
80.89999980926513
0.5460317570065695
3.5999999046325684
3.4754750806510515
49.69501685470968
139.38244940146564
78.04154302670622
236.39933331352364
0.918918918918919
0.5558370201227344
0.2251006867479213

AFF
46.91056378204852
80.89999980926513
0.8145833487311999
3.5999999046325684
3.6490578288268853
50.5596216108754
132.4702066717233
76.40845070422534
220.37509674298485
0.9029850746268657
0.6007936507936508
0.323435734092969

AFF
59.725984270212905
112.2804768292703
1.3792207829363934
4.5
3.9567240348054336
63.68270830501835
132.89038979790783
82.28105906313645
305.75923803809695
0.8908045977011494
0.5407407407407407
0.30419394004408173

AFF
45.985883662017066
90.49999980926512
0.8763636459003795
3.5999999046325684
3.5857728861632623
49.57165654818032
119.07607643035519
77.19869706840392
219.30910125545046
0.8785714285714286
0.6422222222222224
0.30270026955121554

AFF
54.827572424711946
95.88717094702827
1.1780822097438655
4.400000095367432
3.853482752954534
58.68105517766654
145.07302568531665
80.70588235294117
293.47123350784136
0.9298780487804879
0.531031746031746
0.45048330378856233

ANF
32.47844703611535
54.5363861848885
2.142424276380828
4.5
4.445474661136475
36.92392169725183
242.20529173579433
31.818181818181817
272.7121723934059
0.83
1.0
0.3559063292340767

ANF
36.4040095598511
65.55242108470127
2.5587301708403087
5.699999809265137
4.7307539705208805
41.13476353037199
244.35937977334066
37.5
321.3807018970566
0.85
1.0
0.2714972740708965

ANF













ANF
35.134037468798994
56.5460759357522
2.0725490462546254
5.400000095367432
4.257129615295214
39.39116708409421
183.07193362156346
26.25
176.0704252686097
0.6991525423728814
1.0
0.3996451757511145

ANF













ANF
31.799079766685015
55.733304772000004
2.123684252563276
4.5
4.230941817232805
36.030021583917836
170.6190915979435
31.3953488372093
200.35333067789577
0.8135593220338984
1.0
0.2670468772465862

ANF
40.02055334441822
67.98760801621081
2.460563407817357
5.400000095367432
4.576439163566334
44.59699250798453
230.06838097346838
45.751633986928105
327.4825594957893
0.858433734939759
0.9757575757575758
0.17362153941942432

ANF
39.48930702064553
62.92707752768889
2.360937513061799
4.5
4.532634682182758
44.021941702828265
235.56461026656828
43.57142857142857
302.62231798892367
0.8512658227848101
0.9933333333333334
0.2513402921936974

ANF
36.26745941716987
74.26807549789294
2.2746988227927543
5.400000095367432
4.518114052621749
40.785573469791636
206.13839990701524
45.27027027027027
290.46661839317665
0.7993827160493827
0.9897435897435898
0.2046707729625111

ANF
38.19250876534769
67.61578082139253
2.4232876954013354
5.699999809265137
4.575296825629059
42.76780559097675
235.8579125874198
46.875
334.7040224933441
0.8647058823529412
0.9939393939393939
0.2681574231125924

ANF
32.34342689265264
56.73791105325217
2.245000018303593
5.699999809265137
4.468528536455922
36.81195542910855
221.13852923200872
45.45454545454545
264.9435778368891
0.8159722222222222
1.0
0.1867720727109495

ANF
37.9400742290557
74.38653112414983
2.6074074153546936
5.400000095367432
4.661540033427545
42.60161426248324
188.92328058734108
43.41085271317829
287.52389973117613
0.8424657534246576
1.0
0.292885926491537

ANF
34.47911110112721
60.80993245392793
2.4465517381141924
4.699999809265137
4.582363816108524
39.061474917235735
234.77877427192442
32.45614035087719
280.50867304325277
0.8084415584415584
1.0
0.3142501595611233

ANF
40.11848992460075
84.95387290906521
2.3343283592987416
5.699999809265137
4.480410657194466
44.59890058179526
210.06197504603415
46.51162790697674
340.8399292305825
0.8260869565217391
0.9916666666666667
0.17216489707080934

ANF
41.87517578611798
79.50357499660423
2.432835833016616
5.699999809265137
4.587195027281951
46.46237081339994
188.68625263761288
48.0
318.34494608988
0.8878205128205128
0.9916666666666667
0.2709691457686468

ANF
35.411358599761975
63.89999961853028
2.415517280456321
4.699999809265137
4.507664876992117
39.91902347675409
214.98045015889866
41.35338345864661
312.3682364868947
0.8910256410256411
1.0
0.1581124203613528

ANF
37.48203008805971
61.70000663166622
2.3067797038514737
4.5
4.428217998872112
41.91024808693179
192.91654077268097
36.19047619047619
253.743163828462
0.8619402985074627
1.0
0.40345623245772466

ANF
37.64517872559548
64.00761797630582
2.539622648706976
4.699999809265137
4.46762798012291
42.11280670571839
190.7910192628568
37.83783783783784
262.2891952718745
0.855072463768116
1.0
0.26548734202169916

ANF
35.44469169474098
69.09999904632569
2.322222251740713
5.699999809265137
4.438311768731774
39.88300346347277
194.20170183187415
37.28813559322034
258.6429105143204
0.793918918918919
1.0
0.3685470986915318

ANF
36.77526526886389
74.70000028908254
2.1974359442217226
5.400000095367432
4.557858217936638
41.33312348680053
209.685694455792
43.04635761589404
338.0069977254025
0.872093023255814
0.9916666666666667
0.29705164680060087

ANF
35.98363677041874
77.74120967777708
2.41372551126223
5.699999809265137
4.394971720317903
40.37860849073665
160.74366758279203
42.857142857142854
247.43426697645776
0.8345588235294118
1.0
0.38080141514941

ANF
35.1393046354483
75.97316561604659
2.436206920393582
5.699999809265137
4.486205323707554
39.62550995915586
195.10175522678287
41.7910447761194
291.3598588312607
0.8365384615384616
1.0
0.3198326305125265

ANF
34.516771616665714
64.44606680760673
2.3923077216515174
5.699999809265137
4.550584868251362
39.06735648491708
197.77051227024032
37.27272727272727
256.377835280608
0.8260869565217391
1.0
0.2868614372848567

ANF
36.093541552503645
57.35602162455698
2.3453125428641215
4.5
4.521863366622251
40.615404919125915
275.33000512071465
41.21621621621622
352.2267502900252
0.8994252873563219
0.9916666666666667
0.21761887676186564

ANF
38.8959927115863
60.462269141487816
2.7803030411402383
5.699999809265137
4.663884788706614
43.55987750029291
246.85201363137162
36.8
318.09951347695926
0.8575949367088608
0.993939393939394
0.3438932347262798

ANF
37.6635517939085
69.71539711367356
2.209210560215931
4.5
4.482872011846397
42.14642380575493
262.9389099517953
51.48514851485149
380.2745363228708
0.8622448979591837
0.9904761904761905
0.223784334013222

ANF
33.38280815833539
62.45914749047933
2.470370403042546
5.699999809265137
4.509688892069231
37.892497050404636
200.3155453121347
33.980582524271846
240.51057613028223
0.7904411764705882
1.0
0.297322066418824

ANF
33.7861795664563
52.7286732548523
2.3622951285272347
5.400000095367432
4.5062535472833165
38.29243311373962
274.90712924727006
37.6
306.6302530672002
0.8782051282051282
1.0
0.2745527467397047

ANF
34.44597924388844
60.598882559655806
2.5472973243811645
5.699999809265137
4.669434993558664
39.11541423744713
245.98555619084152
29.310344827586203
294.6514268596504
0.7804878048780488
1.0
0.25549547448966425

ANF
32.80903860894038
53.551571780823664
2.3500000101824603
5.699999809265137
4.481154584861224
37.2901931938016
249.7524900194216
39.2
294.3407742974262
0.8651315789473685
1.0
0.2775778960644673

LBG
45.08098293044483
74.6
0.9215384758435763
4.400000095367432
3.542382642503235
48.623365572948096
161.49319249486229
66.80672268907563
242.6382287577555
0.8639240506329114
0.5272222222222223
0.31174683303282436

LBG
38.85300715827518
83.23068299399077
1.0444444701785134
5.699999809265137
3.7911269130683367
42.644134071343515
137.15645716396259
60.33519553072626
229.133787396968
0.852112676056338
0.5775396825396826
0.35778594105445377

LBG
38.02851567956333
68.19999465942384
0.686274526165981
4.300000190734863
3.4922983507738774
41.520814030337206
158.0833246325817
58.98876404494382
231.28777941575822
0.9143835616438356
0.5895238095238096
0.2656069307267072

LBG
46.355094471065925
78.99999428093433
0.9859649319397775
4.699999809265137
3.7015925670377463
50.05668703810368
150.7496356517446
66.66666666666666
254.88252776294158
0.9177631578947368
0.5338718820861679
0.2511380925478778

LBG
37.097593498752495
67.39259693212662
0.8508196932370545
4.699999809265137
3.609479003789942
40.707072502542424
176.4252050135554
54.166666666666664
222.16060268719932
0.8084415584415584
0.5012698412698412
0.20060507674601374

LBG
40.207893223858065
68.49999961853028
0.936363671765183
3.3000001907348633
3.6868718757833983
43.894765099641454
163.56579672739525
62.69430051813472
233.67482288871793
0.8819444444444444
0.4944444444444444
0.2343452071876834

LBG
40.769159377573835
69.44294207074763
0.7224138194117052
3.4000000953674316
3.5736377244817943
44.34279710205562
161.33053390494132
57.38636363636363
244.14407022462973
0.91
0.6086724386724388
0.33512976653123516

LBG
39.92557476882414
68.87970229691615
0.6351852085855272
3.4000000953674316
3.4784490107910897
43.40402377961521
157.84065548255924
57.06214689265536
242.81552790694732
0.9177631578947368
0.5023280423280424
0.2934681378751318

LBG
37.05658861623205
68.69503982112315
0.7111111296547784
3.4000000953674316
3.516093989099476
40.572682605331536
143.60606253689113
58.92857142857143
195.86647638285888
0.8115942028985508
0.6003174603174604
0.28448547749975944

LBG
45.912886495411364
72.7760210794607
0.7647058987150005
4.400000095367432
3.539356254640675
49.45224275005204
148.5354712711516
64.90384615384616
221.83618168280486
0.863013698630137
0.5157936507936508
0.2462892762754145

LBG
38.95848304532036
55.314956631702195
0.8979166770974795
4.5
3.658866212184406
42.61734925750475
193.45866442866486
59.56284153005464
238.3560997016461
0.8716216216216216
0.5167821067821067
0.258913162069385

LBG
40.878290836406805
72.40000057220459
0.7661538619261522
4.300000190734863
3.5795541579224373
44.45784499432925
160.21196563490795
65.08620689655173
260.33822888035496
0.904320987654321
0.5146825396825397
0.3283356983159848

LBG
36.59678417281042
61.63126043126715
0.7716666718324026
4.400000095367432
3.624711983819411
40.22149615662985
179.26075173358907
54.21686746987952
244.678418555878
0.8881578947368421
0.45984126984126983
0.2712966097435254

LBG
38.31225300388696
81.09999961853028
0.45081968385665144
3.4000000953674316
3.396255131976669
41.70850813586363
145.49019636480963
65.41666666666667
256.82417595406355
0.9156626506024096
0.43595959595959594
0.35924998289567756

LBG
40.16701941293899
76.50000057220458
0.7823529589702102
3.5999999046325684
3.575244742290118
43.742264155229094
142.64893472297206
66.51785714285714
239.6514226824539
0.8866666666666667
0.5563492063492064
0.3270669064634011

LBG
42.0586279303318
86.39999980926513
0.9211267686225999
4.300000190734863
3.60962262030223
45.66825055063405
139.85095090532997
63.594470046082954
251.6135855511388
0.8892405063291139
0.48671957671957666
0.26159620013656687

LBG
39.97705484372946
70.63331325397489
0.7184615465310904
4.400000095367432
3.550474544431076
43.52752938816054
163.4608552991328
66.2551440329218
259.2205831139199
0.8902439024390244
0.4350264550264551
0.3316640610727003

LBG
38.30920021295382
69.3000002861023
0.8645833507180214
4.699999809265137
3.599729493081477
41.908929706035295
141.16599270673868
50.0
200.52538656183228
0.8598484848484849
0.6138888888888889
0.25447487400521124

LBG
38.30630161868961
69.72857351577973
1.1999999869103526
4.400000095367432
3.6959727716831745
42.002274390372776
140.60138659206913
60.60606060606061
209.88925605834996
0.8923076923076924
0.6116666666666667
0.21644600968524796

LBG
37.707167625931156
61.408669986119165
0.576562512665987
4.400000095367432
3.4326154190408547
41.139783044972006
181.72655900571655
64.51612903225806
228.53375508002935
0.8668831168831169
0.44698412698412704
0.29140915623065855

LBG
37.359972192120544
61.69999599456788
1.0892307996749877
4.400000095367432
3.7137807940801517
41.073752986200695
171.27774414215352
64.9746192893401
228.74380240742013
0.8876811594202898
0.5702380952380952
0.2282903637993467

LBG
36.07081942158898
64.13829863751994
0.37254902895759134
3.5999999046325684
3.3097793244137534
39.380598746002754
151.20806615583453
51.06382978723404
204.984364580151
0.894927536231884
0.5179365079365079
0.3546373660201884

LBG
39.58020904503541
63.55245248160747
0.7253968148004442
5.400000095367432
3.6034588232995413
43.18366786833495
193.3775152820642
65.14522821576763
267.1124498945874
0.8809523809523809
0.5722582972582972
0.24099714865631686

LBG
37.86294135075714
62.648443298786816
0.738888908315588
5.400000095367432
3.595592202768437
41.45853355352557
187.7164006151345
64.22018348623854
263.42999397554615
0.9326923076923077
0.5141269841269841
0.2674749128063342

LBG
36.57839217535822
62.70636124236808
1.0034482849055324
4.400000095367432
3.5734418525473584
40.15183402790558
170.32203240832482
63.589743589743584
217.82502197408482
0.8697183098591549
0.5226455026455027
0.2719322888186167

LBG
38.993192104531985
65.842434167341
0.7071428753080822
4.400000095367432
3.472263992592968
42.46545609712498
115.85747657751995
54.700854700854705
160.06192451834605
0.8679245283018868
0.6077380952380952
0.20108593832875588

LBG
33.06673392645487
51.24973607582268
0.9976744291394256
4.400000095367432
3.687813738146904
36.75454766460175
189.6804652021625
56.86274509803921
211.59260070744386
0.8674242424242424
0.5988888888888888
0.29890644512569337

LBG
42.86760717490159
66.90000009536745
0.8600000143051147
4.699999809265137
3.589260612094867
46.45686778699645
179.48407165678853
69.7211155378486
241.7364705009748
0.8717105263157895
0.4915343915343916
0.27909364727269415

LBG
41.18311180731764
68.92779359215086
0.524615401488084
3.4000000953674316
3.376122640509417
44.559234447827066
155.0613319345023
60.913705583756354
233.01916922512228
0.8961038961038961
0.4841341991341991
0.3372977691951193

LBG













LFF
22.138936764463946
38.98067489535246
0.10819672365657619
1.100000023841858
3.083522209348194
25.222458973812138
285.10039291748404
17.02127659574468
189.88264903753674
0.7884615384615384
0.2619047619047619
0.14596231100305165

LFF













LFF
23.97850373262743
40.17087034210649
0.14807692628640395
1.100000023841858
3.0992397934025764
27.07774352603001
257.384735680422
12.195121951219512
159.75555811495497
0.7118055555555556
0.2796825396825397
0.17822472392452807

LFF













LFF
24.911311342193986
42.34664573348176
0.1660377394478276
1.100000023841858
3.1254597592279985
28.036771101421984
219.57728774641464
15.0
161.73950248837716
0.7573529411764706
0.430952380952381
0.208836883344218

LFF













LFF
23.47630643866635
40.0927708731162
0.14905660697874032
2.200000047683716
3.1232019265691378
26.599508365235497
256.1166627965156
26.804123711340207
169.3168341966022
0.7640845070422535
0.35261904761904755
0.2252627299022668

LFF
25.27534613114563
52.99317183017191
0.23108108462514104
2.5
3.173102083613506
28.448448214759143
212.71725597279467
33.064516129032256
213.48158189059646
0.8102409638554217
0.33870370370370373
0.27509447316602176

LFF
25.92513979417892
43.38177236344044
0.13469388047043157
1.100000023841858
3.0951855309114085
29.020325325090326
218.934234278149
15.853658536585366
156.59382023582225
0.7318840579710145
0.311984126984127
0.19845696638016366

LFF
24.961163515258367
43.08756582607359
0.0978260890621206
1.100000023841858
3.0842727953656794
28.045436310624048
203.87581383005363
16.666666666666664
150.5273861125101
0.75
0.3470315398886828
0.2142332803474152

LFF
23.01322144454168
41.757958322437716
0.0
0.0
2.9997086702485523
26.01293011479023
206.75195294965846
5.797101449275362
140.995265891539
0.7230769230769231
0.27238095238095233
0.22303284312068716

LFF













LFF













LFF
27.080528385633443
49.454014550501
0.10000000216744163
1.100000023841858
3.077142857142857
30.157671242776317
205.270765063987
13.48314606741573
172.28999999999996
0.7272727272727273
0.2687301587301587
0.2103255290718856

LFF
24.03329129013641
42.617295601103834
0.3378787912202604
3.1999998092651367
3.235130068137218
27.268421358273624
234.30005518985377
24.0
189.26492133982867
0.7664473684210527
0.3035449735449736
0.21844289480560003

LFF
21.620626704960106
39.240837528547374
0.3173913091853045
2.0999999046325684
3.19046798755452
24.811094692514622
264.1893754671318
14.772727272727273
177.68754962866194
0.74
0.3473544973544973
0.20032744709661374

LFF
25.597882857011694
44.77402049320371
0.38674699631800136
2.200000047683716
3.2685950293192727
28.866477886330973
275.2308823465394
38.405797101449274
219.2686252483773
0.7852941176470588
0.38920634920634917
0.23831574945244566

LFF
27.223467237130976
158.24498217907345
0.14716981449779473
1.100000023841858
3.119415401027964
30.342882638158923
70.51937970522792
33.63636363636363
179.3749913083867
0.7876712328767124
0.36380952380952375
0.20481338642653946

LFF













LFF
25.880438330444473
38.83302186667237
0.29777778105603325
2.200000047683716
3.1848987635544637
29.065337093998956
225.8415347369178
30.107526881720432
146.63327500362436
0.7038461538461539
0.3606349206349206
0.1448135741888646

LFF













LFF
27.918193366148557
48.08604207290979
0.1341463443709583
2.200000047683716
3.0928124999999995
31.011005866148558
180.582279041645
21.951219512195124
147.77999999999997
0.7421875
0.3404329004329004
0.1746518580671125

LFF
26.594588734640695
43.3009332605087
0.2828571489879063
1.100000023841858
3.1901213659571215
29.78471010059781
245.65986045230386
26.21359223300971
192.3111413709845
0.7894736842105263
0.29253968253968254
0.2559128973776748

LFF
21.915618289849917
39.664615856328425
0.19433962905182028
3.3000001907348633
3.1549664188129922
25.070584708662917
236.33506874115594
29.523809523809526
177.3683780718849
0.7601351351351351
0.3248412698412699
0.18220336711370236

LFF













LFF













LFF













LFF
21.89071237845855
43.88686045403061
0.26478873812396764
2.200000047683716
3.1744711297000316
25.065183508158572
257.6548771507236
18.367346938775512
201.12286347795327
0.7875
0.29023809523809524
0.25080720880109625

LFF
26.82324674237306
55.00524311618147
0.14255319456470775
2.200000047683716
3.1120833379485537
29.935330080321606
175.23593921031528
22.58064516129032
158.72500016614796
0.7083333333333334
0.38071428571428567
0.25499903896706505

LFF
22.231133252643623
40.79999704658986
0.30422534405345647
3.1999998092651367
3.238716342189716
25.469849594833345
253.67364451576833
26.36363636363636
222.86907817491925
0.8518518518518519
0.3633333333333333
0.2277664084145916

RAN
38.853754030128194
104.42481965430824
2.3306122920951067
4.400000095367432
4.323463624528143
43.17721765465637
132.5795280318073
31.73076923076923
200.9126926388082
0.6549295774647887
0.8550000000000001
0.2735206591634546

RAN













RAN
49.89228113420518
156.2124759282759
2.317204342093519
4.699999809265137
4.592623350044796
54.484904484250016
127.7170896923186
64.34108527131784
364.02790359181233
0.8559782608695652
0.7926190476190478
0.19731434451676333

RAN
33.15330269729358
60.08771655066266
2.11200003862381
5.400000095367432
4.305547488759335
37.458850186052935
208.31597437642893
31.06796116504854
239.6925023508425
0.7887323943661971
0.9349206349206349
0.25498902091801356

RAN













RAN













RAN













RAN













RAN
37.66793519277749
162.48414272204462
1.920000016523732
4.699999809265137
4.236450380935854
41.90438557371337
79.25392053870044
43.96551724137931
195.03172991096952
0.6961538461538461
0.898888888888889
0.2518297286307661

RAN













RAN













RAN
36.76229517582195
126.80000219941134
2.3383561843266225
5.699999809265137
4.555386228270177
41.317681404092156
123.40455613609345
38.21138211382114
248.855681410369
0.7171052631578947
0.8650264550264549
0.2331172048256924

RAN













RAN













RAN













RAN













RAN
34.18034838050344
66.97355817892088
2.320833358189298
5.699999809265137
4.546167256149135
38.72651563665258
227.74453534686836
25.225225225225223
267.8576767049269
0.7048192771084337
0.8596825396825396
0.31534305757369907

RAN
37.85313012471612
74.6763017394236
2.5423729173460248
5.400000095367432
4.647057627036805
42.50018775175294
202.64578896649098
42.74809160305343
257.48611871553646
0.7366666666666667
0.9444155844155844
0.2399986717806798

RAN













RAN













RAN













RAN
36.75399747661123
83.4165147900982
2.2180328193258068
5.400000095367432
4.4999378510882835
41.2539353276995
162.41564616225065
35.77981651376147
230.03881743635924
0.7357142857142858
0.8467687074829932
0.2057904044323572

RAN













RAN
31.6205731900471
64.21274908340874
2.350000058046796
4.699999809265137
4.413054460030114
36.03362765007722
203.90489646768475
30.612244897959183
232.481497221139
0.7794117647058824
0.8414285714285714
0.23284789538097228

RAN
34.08364213435032
78.300004529953
2.083871012373317
4.400000095367432
4.348757014842658
38.43239914919294
176.96765994518518
41.12903225806452
248.33724916704352
0.7808219178082192
0.8683673469387755
0.2602219387652616

RAN
35.54128140037681
56.929931263941405
2.165957472742872
5.699999809265137
4.320291077086772
39.8615724774636
205.40476976830817
33.33333333333333
237.86868454112542
0.7892857142857143
0.9648148148148149
0.2187557113360121

RAN













RAN













RAN
38.374614718489426
78.89999523460865
2.508333381017049
5.400000095367432
4.611109694933805
42.985724413423256
200.4395487574628
42.5531914893617
303.0141039200906
0.8117283950617284
0.8697619047619047
0.2588654565658159

RAN













TBF
25.4737637125996
43.36808988458398
1.052631597116328
2.200000047683716
3.651689202801701
29.125452915401304
268.2462723875251
22.448979591836736
198.72773598142197
0.7138157894736842
0.7688208616780045
0.3553856750347486

TBF
29.14665126198459
65.98644323473206
0.8956521932521592
1.100000023841858
3.49648521871114
32.64313648069574
147.1959675437419
9.58904109589041
141.16466415557468
0.6098484848484849
0.8088888888888888
0.3398132994079185

TBF
23.706577839060632
47.46851943795177
0.9142857323001538
2.0999999046325684
3.561938015392593
27.26851585445322
227.08300957940943
10.126582278481013
160.36225160823267
0.6302816901408451
0.8115873015873016
0.25355499067039544

TBF
32.704959644866214
56.02711813497403
1.2172414013024033
2.299999952316284
3.7852505675821697
36.49021021244835
241.92571933584907
46.913580246913575
240.42761836655478
0.7325581395348837
0.8941005291005291
0.4252406747998546

TBF
30.69322737549487
56.50000038146973
1.0712328960430133
2.200000047683716
3.6887057687486813
34.381933144243554
211.94343094791367
34.4
219.90420275478016
0.7225609756097561
0.7361544011544012
0.43628453947928897

TBF
26.338620900725495
48.88337369674759
0.9290909274057908
2.200000047683716
3.5665921157019187
29.905213016427407
242.39460506221815
15.730337078651685
168.91472368607242
0.63
0.7138888888888889
0.30448267187906114

TBF
27.465036119316085
53.325759715080906
0.8517241574310023
2.200000047683716
3.5468743527215105
31.011910472037584
208.8905398791659
15.384615384615385
178.05648756996197
0.6525974025974026
0.7434391534391535
0.38787085833006685

TBF
27.21183346178275
41.42233772097787
0.9447761398197999
3.3000001907348633
3.643233581058217
30.855067042840993
250.21456805320776
24.742268041237114
191.62984025911288
0.7123287671232876
0.7722222222222223
0.2542786439284044

TBF
24.4579860281797
41.6216426034342
1.01153848048013
2.5
3.637213647248543
28.095199675428223
251.9564161870841
11.538461538461538
161.1486470558859
0.6413043478260869
0.7294217687074829
0.22037697301487788

TBF
30.10340542090053
57.285375209969885
0.9000000180128742
2.200000047683716
3.6048943274646477
33.70829974836521
214.555631729919
28.82882882882883
207.13261514946748
0.7278481012658228
0.7293121693121692
0.3297596094935006

TBF
29.44357342188152
53.58099198386275
1.031578969700556
3.3000001907348633
3.673737892580891
33.11731131446241
244.74842666505901
34.58646616541353
231.33714173503483
0.7212643678160919
0.7694444444444445
0.3048515824598802

TBF
29.04205164211667
64.84664549692536
1.0571428780990935
2.200000047683716
3.559305964985442
32.60135760710215
177.05578550092693
17.20430107526882
172.6188434917315
0.6266233766233766
0.7453968253968254
0.3708955051017875

TBF
28.528910506582868
52.20000009536744
0.9493333512544632
2.299999952316284
3.6022857757537565
32.131196282336674
210.67593082320167
43.07692307692308
185.1586423854459
0.6891891891891891
0.7466666666666667
0.3280210234076463

TBF
29.837739864622346
56.50000038146973
1.090697693356941
3.1999998092651367
3.6477153317546605
33.48545519637702
194.30131408232793
28.30188679245283
195.72390226038664
0.6973684210526315
0.7367346938775511
0.45112946296912815

TBF
29.962819656127248
53.14825095165408
0.9981818391518159
2.200000047683716
3.529437767591034
33.49225742371828
207.803503756923
18.88888888888889
175.43684164465165
0.678082191780822
0.7832539682539683
0.39236953048526285

TBF
29.278436875353133
51.25484573323804
1.094915275351476
2.5
3.638572126970581
32.917009002323724
238.71979004171385
11.11111111111111
195.83478631270216
0.66875
0.7720370370370371
0.3424096102894263

TBF
30.636564703998108
52.80000019073487
1.1297297556255315
3.3000001907348633
3.7445673915294644
34.38113209552758
216.0976334049513
28.703703703703702
209.1122399178601
0.711038961038961
0.8265079365079366
0.33330935642085596

TBF
28.192629979351416
48.45088649479299
0.9193548596193714
3.3000001907348633
3.5871685448204245
31.779798524171838
236.29613116227816
27.184466019417474
186.61146918009948
0.69
0.801111111111111
0.31033651386586375

TBF
29.316143963389788
57.91721075604975
0.9693548580811869
3.3000001907348633
3.6348954671642826
32.9510394305541
196.7488711016574
26.262626262626267
165.02719182076996
0.6164383561643836
0.6748412698412699
0.3498274954199515

TBF
24.499981326504823
41.97905204394787
1.055813973033151
2.200000047683716
3.55613143334854
28.056112759853384
251.10748790661023
1.4084507042253522
136.53530638402455
0.5428571428571428
0.7469841269841271
0.2979172029406248

TBF
26.845705093962255
44.08485840700164
1.1070175615319036
2.299999952316284
3.6497860969842444
30.495491190946513
257.52112896623123
19.19191919191919
201.87242309187633
0.6875
0.8066666666666666
0.36136476784131094

TBF
24.290690671525827
45.836738833885576
1.045283039223473
2.200000047683716
3.625378397998611
27.916069069524447
220.36137356045242
17.045454545454543
169.03858528622763
0.6301369863013698
0.7223809523809523
0.3048793982919663

TBF
30.080707444494255
50.264173072064196
1.0020833504386246
2.200000047683716
3.570646870475991
33.65135431497026
208.02118584126936
21.978021978021978
181.0290557941282
0.7112676056338029
0.791111111111111
0.26592798696631903

TBF
25.583353608298314
45.31138251700989
1.0474576506826838
2.200000047683716
3.5683905614053435
29.151744169703665
222.68811320396648
23.404255319148938
173.33361333969904
0.6701388888888888
0.7847619047619048
0.40921284233013355

TBF
23.80212803132524
44.14529831701226
1.0759259467875515
2.299999952316284
3.6288187370667138
27.43094676839196
256.7431197092889
17.77777777777778
177.68182510229337
0.6587837837837838
0.7796825396825398
0.2958662549540999

TBF
44.68023328746423
89.24385336686595
1.2626666947205862
3.3000001907348633
3.8434476855276265
48.523680972991876
173.33658957501703
59.29203539823009
294.9491678050574
0.8288043478260869
0.7561904761904761
0.39615320053056763

TBF
30.314300602150606
51.4999998599291
1.0906542238091754
3.3000001907348633
3.7737187381654747
34.08801934031611
273.9366982648282
52.17391304347826
256.7504374865646
0.7642045454545454
0.7314285714285714
0.35911706222804957

TBF
28.16840303865065
47.47477286047399
1.0639344483125406
2.200000047683716
3.6173335147616106
31.785736553412317
266.47859608420055
15.306122448979592
195.55661360942656
0.6506024096385542
0.7321356421356421
0.3808849973774684

TBF
27.99009024957782
55.9512012674298
0.9020833508111537
2.200000047683716
3.59051125765767
31.580601507235485
173.40727706161712
21.428571428571427
156.82928415944568
0.6590909090909091
0.7685374149659864
0.29060486594732104

TBF
27.258867075199156
50.499999427795416
0.9358974530910834
2.200000047683716
3.659776431815588
30.918643507014732
229.0215346904239
27.522935779816514
201.78285862156423
0.6993670886075949
0.7111111111111111
0.36047270027831024

