AFF
45.198996514570695
83.05080478008834
0.8430380021469502
3.5999999046325684
3.597344597189369
48.79634111176007
145.20313593395588
76.71641791044776
250.73222564304476
0.8942307692307693
0.5003439153439154
0.36627808855153865

AFF
55.07633651181286
106.95202012742973
0.6600000211170741
3.3000001907348633
3.586098490485413
58.66243500229828
116.45766630691377
79.28388746803068
265.01284064132193
0.9074074074074074
0.5523809523809524
0.17914024351858607

AFF
48.666243037910874
89.3999994277954
0.7600000294772061
3.3000001907348633
3.548488355433043
52.2147313933439
125.96097102430264
76.99680511182109
229.95348445522578
0.90625
0.4907936507936508
0.3312538038633322

AFF
54.28817379531173
94.69999303817748
1.272727294401689
4.699999809265137
3.8469779581571473
58.135151753468854
142.65052499306563
78.59007832898173
291.42744013373215
0.9176829268292683
0.5507142857142857
0.24357999724092871

AFF
54.68144492486339
102.79999332726
0.9354166661699613
4.5
3.6623101215797758
58.34375504644316
110.78181518666538
79.36046511627907
230.35239014137863
0.897887323943662
0.6285714285714286
0.31497460553769574

AFF
45.40780815149867
89.26882509230666
0.6000000089406967
3.5999999046325684
3.4677329743330865
48.87554112583177
125.31064929306768
76.1437908496732
228.61329822520128
0.9041095890410958
0.5682539682539681
0.34928902130377104

AFF
56.096609311588956
95.96138833276885
0.9810344802922216
4.5
3.6934823097498595
59.790091621338796
122.41412014942169
81.57248157248156
247.46416685153585
0.9033333333333333
0.5447619047619047
0.27552057728868906

AFF
49.98469563866066
104.49999990463255
0.7787234275899035
3.5999999046325684
3.5608495423470474
53.54554518100773
105.12053191999108
77.31629392971246
232.21890643587466
0.9154929577464789
0.6168253968253967
0.25925611431118195

AFF













AFF
55.87730563039356
109.70606578051697
1.1127451284258973
3.5999999046325684
3.820134273309462
59.69743990370295
153.72098900180492
79.79381443298969
340.65465958373363
0.9158163265306123
0.4967724867724868
0.4210690307066652

AFF
49.1926867087061
89.10982670317415
1.1566666920979818
4.400000095367432
3.770519655633696
52.963206364339825
135.22560626291678
76.89873417721519
246.52242099231609
0.8938356164383562
0.6302380952380952
0.31598320352754344

AFF
50.18692738933737
99.02276953641207
0.9936709222914297
4.5
3.69273454758058
53.87966193691797
146.22059440062387
78.68852459016394
299.07884382983286
0.8956043956043956
0.5122222222222221
0.4065274136808439

AFF
59.571358915206105
96.83479465750376
0.8621621792380875
4.400000095367432
3.6730719957401825
63.24443091094627
139.54066220102538
81.95652173913044
289.62497564643513
0.9427710843373494
0.5004761904761905
0.32249119140397003

AFF
49.182940312125716
83.30938373982713
0.7450980532403085
4.400000095367432
3.596014823960264
52.77895513608597
136.4716912745641
78.23529411764706
247.06544404378852
0.9290540540540541
0.5780952380952381
0.3617480311553688

AFF
54.35777955717026
88.11138819814396
1.0828571557998656
3.5999999046325684
3.6619746574482965
58.01975421461855
134.96525630539256
79.72972972972973
243.0405993086223
0.8866666666666667
0.521904761904762
0.2290140046085156

AFF













AFF
45.54657444825812
81.20592956983901
0.7637931190688034
4.400000095367432
3.6114326492912405
49.15800709754935
144.69560926011755
76.38036809815951
245.6329295842419
0.8766233766233766
0.4943915343915343
0.2668319912931092

AFF
51.413213675708974
86.73136303019086
1.230000025033951
4.699999809265137
3.8408636940907996
55.254077369799816
166.7023641143792
78.51851851851852
304.22071681067104
0.9109195402298851
0.5829894179894181
0.38155771174839453

AFF
44.34754594543902
74.5848663256338
0.8071428622518267
3.5999999046325684
3.561120812466392
47.90866675790543
139.39367776317812
77.44107744107744
214.3470060173821
0.8992537313432836
0.6055555555555556
0.3108119952926576

AFF
53.127889824714
87.00904847016947
1.3220339164895527
4.699999809265137
3.8845152580649316
57.01240508277892
143.06014860008298
81.23393316195373
267.4004308350977
0.934931506849315
0.6019047619047618
0.2863575349004908

AFF
55.375965099470264
94.69999303817748
1.011956555687863
4.400000095367432
3.6268267995820778
59.00279189905231
139.38701784213697
81.33333333333333
277.9584511648945
0.9136904761904762
0.4800264550264551
0.30773583567134344

AFF
43.546627141126145
89.3999994277954
0.830357164144516
3.5999999046325684
3.565073588356974
47.11170072948312
132.79475251315068
75.79617834394905
233.68704740208324
0.868421052631579
0.5374603174603174
0.3626492355644344

AFF
48.93436938744937
94.69999303817748
0.7311475550542113
3.5999999046325684
3.5862561879166046
52.520625575365976
117.6671539046327
77.67584097859327
232.44127484378618
0.8835616438356164
0.587142857142857
0.23719071462408894

AFF













AFF
54.425637768795774
111.2648128774023
1.2333333638676427
4.5
3.878947981934727
58.30458575073052
109.2129650936925
78.27380952380952
248.66605239585724
0.8801369863013698
0.5517857142857143
0.34946974915108686

AFF
56.77798588102895
105.89741952087935
1.114473703660463
4.399999618530273
3.797216728481377
60.57520260951032
149.7459460744611
81.97343453510436
329.50899970145747
0.9184210526315789
0.5355026455026455
0.355126292815495

AFF
52.55677330286053
94.69999303817748
0.9146666844685872
3.5999999046325684
3.6658136534508965
56.222586956311446
143.42200827233373
79.33491686460808
286.71238498940227
0.8936781609195402
0.4918253968253968
0.29559723140513

AFF
47.29267064594904
76.19746867359561
0.9456521920535875
3.5999999046325684
3.6861981156940136
50.97886876164303
136.65663402065442
76.30662020905923
226.2762624812414
0.9080882352941176
0.6044444444444446
0.34881766227665095

AFF
59.74013003575658
109.88679436475414
0.9089743754802606
4.699999809265137
3.730791767836781
63.47092180359335
135.5811304080916
83.11444652908068
304.8188311994078
0.9111111111111111
0.5905555555555556
0.30254137821710336

AFF
49.93584821373819
86.1107128131101
0.9295082209540195
4.400000095367432
3.624683047884614
53.56053126162278
137.0633504875929
78.84615384615384
246.6959119862064
0.8831168831168831
0.5453174603174602
0.19068261277772983

ANF
33.125451006763726
56.06095707079592
2.1666667064030967
4.400000095367432
4.272543028489732
37.39799403525346
179.28344246654288
29.268292682926827
183.51922315304168
0.7456896551724138
1.0
0.3827695658108381

ANF
32.66508004672814
54.04503614068888
2.262745118608662
4.699999809265137
4.415236435402742
37.080316482130904
227.18610468855127
33.92857142857143
283.9630534170338
0.8716216216216216
1.0
0.33466595441982705

ANF
38.51354578033108
67.22123395057781
2.6070175731652663
5.699999809265137
4.673211596751002
43.18675737708211
205.63233303219835
42.857142857142854
288.5583616559659
0.8157894736842105
1.0
0.23938107331748884

ANF
36.46427238393938
62.88249119749947
2.180597035964923
5.699999809265137
4.389485121360305
40.85375750529971
244.1268347361241
44.29530201342282
289.3771319020102
0.8042168674698795
1.0
0.24290596261456127

ANF
36.900411463782156
61.25442740160779
2.3311475593535627
5.699999809265137
4.4143591062168035
41.314770569999006
212.0455120231314
33.63636363636363
262.47244488774305
0.815068493150685
1.0
0.3478534322326124

ANF
36.692625586432904
73.02714696507603
2.28208955899993
4.400000095367432
4.465659869804408
41.15828545623733
228.05357381035043
46.15384615384615
323.31309552087407
0.8690476190476191
0.9904761904761905
0.2555068871598032

ANF
38.688147362538004
60.07971152112389
2.589795932477834
5.699999809265137
4.528154568177926
43.21630193071595
222.10720222812228
48.93617021276596
269.55889720237116
0.84375
0.9939393939393939
0.18264608606068908

ANF
35.804183117679884
53.415642149457675
2.386486530303955
4.5
4.407632973324395
40.211816091004295
190.94634339286895
29.761904761904763
206.58452687080234
0.7966101694915254
1.0
0.41352567247846406

ANF
34.98128668200174
59.27432843787844
2.385714341183098
4.5
4.377911365883922
39.35919804788566
193.5235218827305
32.97872340425532
209.94088629196392
0.7738095238095238
1.0
0.33190791313709916

ANF
39.11781568260875
71.63333268398179
2.3160000445445377
5.699999809265137
4.626465474025489
43.74428115663426
229.6311068732927
45.39473684210527
325.60942598369905
0.8463855421686747
1.0
0.2822862804933919

ANF
38.6972542538264
74.00779266539728
2.4015873348902144
4.5
4.574661852559459
43.27191610638586
181.22130673212692
40.17094017094017
262.81216852529167
0.8214285714285714
0.9880952380952381
0.22856129382708282

ANF
37.159868425469675
64.20000057518483
2.3552631939712323
4.699999809265137
4.536302437276704
41.696170862746385
230.66500725092263
43.35664335664335
312.4086673153829
0.8549382716049383
1.0
0.23533466480367604

ANF
30.86498602146803
55.71875791755917
2.148780526184454
4.5
4.224694911668871
35.089680933136925
187.33361907558816
29.411764705882355
187.62603952653353
0.7458333333333333
1.0
0.388880484993066

ANF
42.6376816556264
119.12398894400117
2.2876712554325795
5.699999809265137
4.442923920342676
47.080605575969074
150.78240777882226
56.930693069306926
327.2607286249481
0.8505747126436781
0.9682539682539683
0.30955211142950045

ANF
39.37488794811357
73.68687603567201
2.4800000309944155
5.699999809265137
4.541935729264892
43.91682367737849
211.68094851264158
46.97986577181208
314.51168342394755
0.879746835443038
0.9726190476190477
0.3042622667771888

ANF
38.55234883442109
67.00285482607492
2.426865694460584
5.699999809265137
4.586623872481884
43.13897270690294
230.03272790139633
47.16981132075472
317.78869379735625
0.8363095238095238
0.9793650793650794
0.21440155474922507

ANF
42.46627454562928
74.86039400665845
2.46274510084414
5.400000095367432
4.485608559932256
46.95188310556151
191.2926207703841
43.18181818181818
266.34542331097657
0.79
1.0
0.33779452010538236

ANF













ANF
37.049041552258494
63.428362784530925
2.355172430261456
5.699999809265137
4.529551937930362
41.578593490188865
209.86292644706737
39.34426229508197
289.25608370212603
0.8581081081081081
1.0
0.38553318680192755

ANF













ANF
36.62952962638269
58.246505424578956
2.1955555942323475
4.5
4.236403859787862
40.865933486170576
216.06396464283634
30.0
244.2520643079559
0.8214285714285714
1.0
0.33349432483050545

ANF
36.9098077401986
56.812467734689434
2.3603448531237143
4.400000095367432
4.506310870003976
41.416118610202574
236.94278520324664
28.431372549019606
256.0736861205668
0.7842465753424658
1.0
0.27364581575479124

ANF
35.592438652734664
64.2200758440036
2.4452381162416366
4.5
4.427104309796278
40.01954296253098
185.06054034834912
37.735849056603776
242.47846776640188
0.8333333333333334
1.0
0.2004057728385211

ANF
44.419040611068766
76.20748749074359
2.6364865026159867
5.699999809265137
4.70180977194842
49.12085038301716
216.55020420673415
42.06896551724138
335.71341400591723
0.8541666666666666
0.9731481481481482
0.3398893105721108

ANF
38.042139901537986
83.26841670326618
2.4444444728276085
4.699999809265137
4.449419173170495
42.4915590747085
168.2354868676069
40.625
288.86968177977906
0.8651315789473685
1.0
0.2605164452358141

ANF
31.9105581690953
55.40000095367432
2.7235294416839
5.400000095367432
4.605010129359519
36.515568298454845
214.32102177034787
33.33333333333333
251.04244037980777
0.85546875
1.0
0.2980663285805035

ANF
32.66823339471977
58.71298752760105
2.2363636900078165
4.5
4.35966443127255
37.027897825992326
180.17983807004626
27.710843373493976
196.85150082952418
0.7625
1.0
0.3548947723818796

ANF
36.20956385602669
61.93723798163471
2.3965517463612147
4.5
4.5091817298479135
40.71874558587461
210.15332788499515
47.5177304964539
274.116622125991
0.8175675675675675
1.0
0.2707504235963543

ANF













ANF
34.61757938984289
62.512701908863974
2.3586667121450104
5.699999809265137
4.563832848778548
39.18141223862142
214.396796522571
27.61904761904762
264.22721976912044
0.7828947368421053
1.0
0.32977778991140144

LBG
39.450172436548236
77.15259478268655
0.2938775626980529
3.3000001907348633
3.2483129891210076
42.69848542566925
117.33738261868258
55.62913907284768
185.43197027110747
0.8619402985074627
0.48928571428571427
0.3656211006868578

LBG
37.143529608699204
53.497075790115886
0.629032269600899
4.5
3.522600240316753
40.66612984901595
210.32862351501794
63.18407960199005
229.44609789757544
0.875
0.5041269841269842
0.23677167353957773

LBG
38.38740408389411
68.30000066757202
0.5421052794707449
3.3000001907348633
3.4441080353514217
41.831512119245524
148.33647796934616
60.54054054054055
218.3501101032781
0.8732876712328768
0.5031216931216931
0.3058682380248648

LBG
31.78514914012405
55.32864623439608
0.3733333428700765
4.300000190734863
3.2648284369548115
35.04997757707887
162.6720750861502
57.831325301204814
184.35108597698104
0.8071428571428572
0.5194444444444444
0.24876509295023308

LBG
35.491069445944994
60.88604859175191
0.6396226433088195
4.699999809265137
3.473244641718673
38.96431408766368
165.42987013041645
52.666666666666664
205.49036956202582
0.8415492957746479
0.513015873015873
0.35519147581608035

LBG
35.751537835828216
68.78565270232185
0.60579712667327
4.400000095367432
3.464732712457952
39.21627054828619
160.1955239601709
52.72727272727272
229.0441515717202
0.842948717948718
0.4451851851851852
0.43253719254481765

LBG
43.482863396945916
69.1679527424152
1.2133333762486775
4.400000095367432
3.810217004846424
47.293080401792324
164.44151260560432
57.14285714285714
244.65719050223453
0.8923611111111112
0.6337566137566137
0.3042425950798398

LBG
37.309283884901824
65.5999960899353
0.6290322792145514
4.400000095367432
3.543315431452708
40.85259931635452
176.78572404435002
61.79245283018868
265.55088866733496
0.9259259259259259
0.5586507936507936
0.2917209699417345

LBG
36.82270557250661
68.5054436154933
0.4915254378722886
3.5999999046325684
3.4352372732189753
40.25794284572559
146.8684763587457
55.828220858895705
208.61055637333726
0.8576388888888888
0.5347619047619048
0.3504074905306179

LBG
44.36000561725688
90.8211037680525
0.7827586360361384
5.699999809265137
3.6534535004713957
48.01345911772826
146.54083690270272
69.02985074626866
272.8632662014058
0.9036144578313253
0.5641895141895142
0.2649704687144079

LBG













LBG
38.9302918999624
66.89823891705558
0.826760580841924
4.5
3.6049730026013673
42.53526490256377
183.0033717403253
59.693877551020414
243.6632218423002
0.8607594936708861
0.469047619047619
0.3495111068536552

LBG
37.5039400934972
63.33879900745399
1.0849056333865759
4.699999809265137
3.6612640625373296
41.16520415603455
170.60095631693622
52.980132450331126
221.4996737332607
0.852112676056338
0.540952380952381
0.2820441582180161

LBG













LBG
42.677042037722615
83.4520059149818
0.6700000166893005
5.699999809265137
3.561701982509502
46.2387440202321
147.87590882377748
63.22869955156951
249.73456256577913
0.8597560975609756
0.49857142857142855
0.28120251417120085

LBG
37.32715782551288
65.67897071672661
0.43541668355464935
4.400000095367432
3.2832847543764836
40.61044257988935
149.02677055493766
56.09756097560976
209.84674305779686
0.8923611111111112
0.46793650793650793
0.40204399589198136

LBG
41.23779392971716
75.49999446868897
0.6222222301931608
5.699999809265137
3.4654384459591254
44.7032323756763
163.0600473380464
69.00369003690037
259.7493294605666
0.8928571428571429
0.47542328042328047
0.2690534902527357

LBG
37.54844756465965
60.99186424973903
0.3800000122615269
5.400000095367432
3.270354933342097
40.818802498001766
120.50211029735814
57.25190839694656
161.41987626715743
0.8883928571428571
0.5183333333333333
0.2803002962406268

LBG
40.361707824882636
75.35137292198809
0.864615431198707
3.4000000953674316
3.4338518483592324
43.795559673241875
137.9061983167381
61.578947368421055
226.43118493022396
0.9075342465753424
0.4882539682539683
0.28322897317152235

LBG
36.34985794108528
58.16739992943243
0.4052631604044061
4.5
3.3287563368487323
39.67861427793403
171.51207642775162
62.37623762376238
226.01548160050373
0.8947368421052632
0.5080158730158729
0.30558286131063767

LBG
31.93943703796959
60.09999656677247
0.39811321924317555
4.400000095367432
3.346172555474466
35.28560959344404
155.9805376150262
51.09489051094891
191.58373921503244
0.8582089552238806
0.5405555555555556
0.3255847129822132

LBG
36.368609980828396
70.02001668551435
0.8631579060303537
3.5999999046325684
3.542766206348861
39.91137618717727
157.64760884328203
55.27950310559007
221.42928451202195
0.8645833333333334
0.46014739229024954
0.34417631853714836

LBG
33.85903654963722
69.20000076293945
0.8660000205039978
5.400000095367432
3.573585129632604
37.43262167926984
156.0391580729813
56.97674418604651
217.32029959281275
0.8175675675675675
0.49222222222222217
0.335262145689073

LBG
40.651230718541164
65.75258314938026
1.133333354526096
4.400000095367432
3.7371766685742034
44.388407387115386
126.13175388614637
55.90551181102362
176.08140476414889
0.8392857142857143
0.6343537414965986
0.3476973990532166

LBG













LBG
41.17769536674284
74.90589226307034
1.0310344922131505
4.400000095367432
3.635157167659923
44.81285253440277
155.87580067483225
60.42780748663101
225.08663040683433
0.8412162162162162
0.5249206349206349
0.21915738744511543

LBG
35.20662438557033
60.960711115607474
0.739344274411436
4.399999618530273
3.509004180944505
38.715628566514845
181.89428857821514
62.5
237.2340097716486
0.9066666666666666
0.4965079365079365
0.23417251914592144

LBG
39.53788171841269
75.5916554723063
0.7876923377697285
3.5999999046325684
3.5006440919833572
43.038525810396045
164.4292509216566
62.08530805687204
241.40085041512998
0.8625
0.5263299663299663
0.3226716774622941

LBG
39.05151023554896
72.54820574123869
0.9240963947342102
3.3000001907348633
3.571970556467053
42.623480792016025
145.0012588826519
63.95939086294417
226.6879615371164
0.9014084507042254
0.5687301587301588
0.35471715622921696

LBG
42.657814989324834
88.40000076293944
1.101754391402529
4.399999618530273
3.7997513714279405
46.45756636075279
122.51394364102634
65.4639175257732
230.86982206635565
0.8992537313432836
0.6056972789115646
0.39919845032298173

LFF













LFF













LFF
24.12114968586067
39.485128833273414
0.09016393638048016
1.100000023841858
3.06083706141173
27.181986747272397
268.9695524650466
8.536585365853659
180.67206662653783
0.7833333333333333
0.25912698412698415
0.19222435784327965

LFF
24.956805510457237
42.95054150858062
0.18333333730697632
2.200000047683716
3.155053108714096
28.111858619171304
247.783427862012
23.0
179.16832798922061
0.737012987012987
0.33587301587301593
0.1930683215062399

LFF













LFF
23.550653281247016
43.85021802551264
0.37835051203818665
2.200000047683716
3.193829787234043
26.74448306848105
285.9684489183423
26.5625
254.06500000000005
0.8404255319148937
0.23544973544973546
0.17306513627089098

LFF
25.669566359799752
40.03414696419834
0.22666667501131693
3.3000001907348633
3.1797323706547194
28.84929873045446
270.3016964706301
36.29032258064516
197.76249821472626
0.7879746835443038
0.29230158730158723
0.19964947078780382

LFF
23.237113497327986
39.73145520347178
0.19245283516510478
1.2000000476837158
3.137714285714285
26.374827783042264
228.44261376277493
27.083333333333332
158.92249999999996
0.7214285714285714
0.34777777777777785
0.23158466578711018

LFF
28.022481178591676
141.31017084541756
0.20307692747849684
1.100000023841858
3.103714285714285
31.126195464305965
75.17117955244906
27.083333333333332
161.35499999999996
0.7392857142857143
0.2510204081632653
0.1593481031306476

LFF
29.010103132478026
41.739951562368695
0.19516129226934525
2.0999999046325684
3.1585852313603597
32.16868836383837
260.9835275425639
27.522935779816514
185.5985519913159
0.740506329113924
0.3357142857142857
0.20069725573475422

LFF
22.378774444897104
49.84895187198344
0.34137931774402486
2.200000047683716
3.244778143955027
25.62355258885214
193.26531538579042
24.731182795698924
157.53861751921303
0.6928571428571428
0.3476190476190476
0.21998133235353534

LFF
26.021467999781947
40.87904695788291
0.10151515404383342
2.200000047683716
3.086514993519985
29.10798299330193
276.2305759060389
25.0
213.36915849773737
0.8244047619047619
0.2992592592592593
0.16678754474515023

LFF
24.733598941122374
38.489048212256456
0.07500000162558122
1.100000023841858
3.0588808268708756
27.79247976799325
242.2218887767589
12.0
144.91153385794615
0.7196969696969697
0.3161904761904762
0.20225940382088733

LFF
26.5829550599802
136.89999972134825
0.18163265698418327
2.200000047683716
3.131970288339143
29.714925348319365
74.83940057552527
36.79245283018868
160.4337291762455
0.7611940298507462
0.34064625850340136
0.21074266147270362

LFF
21.405288698099838
41.22970208358713
0.09705882563310511
1.100000023841858
3.0750967603229364
24.48038545842277
256.86353350319484
13.186813186813188
194.20316101637798
0.8006329113924051
0.2707142857142857
0.1766101941493393

LFF
24.153278960651274
43.32041980387219
0.2513513548954113
2.0999999046325684
3.1845101615930416
27.337789122244306
287.70277491427703
22.123893805309734
219.89834703417728
0.78125
0.2807936507936508
0.2857880353779197

LFF
25.432692485987793
40.79999704658986
0.41486487034204844
3.1999998092651367
3.222975209041467
28.65566769502926
234.2256372043854
28.30188679245283
195.30877399314264
0.7993421052631579
0.37444444444444447
0.1384915474642393

LFF
20.90770720284905
40.62392983080634
0.1866666706899802
1.100000023841858
3.119179954712016
24.02688715756106
247.4364970194267
17.045454545454543
166.71006834698858
0.7328767123287672
0.3399278499278499
0.1379249486004802

LFF
23.04744881995475
54.38024481575969
0.10566037963583784
2.200000047683716
3.0868856816061956
26.134334501560936
170.66284731944802
17.647058823529413
167.99487237027432
0.7821428571428571
0.4081746031746032
0.20613565514794677

LFF
23.434689542694045
39.290783046363615
0.24716981401983298
2.0999999046325684
3.186951175762835
26.621640718456863
273.8240899558962
18.88888888888889
187.61123737249414
0.8047945205479452
0.3503968253968254
0.23716940988770643

LFF
24.463605171688243
40.08635512158048
0.1375000004523567
2.0999999046325684
3.0919444364971587
27.55554960818539
255.2506962438737
13.253012048192772
172.58999942779542
0.7708333333333334
0.28634920634920635
0.12960145061591533

LFF
21.298497489723243
35.65914968895091
0.12222222487131755
2.200000047683716
3.073986590385759
24.37248408010899
232.57201156504627
21.794871794871796
128.64159100676562
0.6844262295081968
0.3363492063492064
0.15198230551029546

LFF













LFF
29.270241179413482
158.98808331620575
0.47311828982445503
2.200000047683716
3.280290288044899
32.550531467458356
87.99043498106262
45.625
229.76125058469412
0.7988505747126436
0.28714285714285714
0.19544849355449231

LFF
21.718232852906432
38.70480738418546
0.32112676996580314
2.200000047683716
3.2051356271166287
24.92336848002307
313.639432310703
19.607843137254903
207.2912266575987
0.7865853658536586
0.30600529100529106
0.2046089393059626

LFF
28.14581584765901
45.68205208680494
0.22978722795527032
3.1999998092651367
3.1560207699672715
31.301836617626268
182.15505957040511
22.35294117647059
149.4809228754887
0.7159090909090909
0.34460317460317463
0.17067890092787064

LFF













LFF













LFF
21.56478451589701
40.014609227649686
0.17945205675412532
2.0999999046325684
3.1454368355417492
24.710221351438754
309.3629732633157
26.08695652173913
214.4076457468963
0.8
0.29055555555555557
0.19552416157110633

LFF
19.02853466225387
39.66427257047528
0.25362319186113885
2.200000047683716
3.216408574787377
22.244943237041255
292.78462566915965
22.0
192.72178742363434
0.7660256410256411
0.3281481481481482
0.13640526378974055

RAN
46.20427669208823
208.34629327597847
2.3102941471425926
5.699999809265137
4.426217457720729
50.63049414980895
70.54498984172571
50.35460992907801
219.15139173651227
0.7142857142857143
0.8324338624338624
0.12947010716619192

RAN













RAN













RAN
44.012341295002216
160.99999915957443
2.62765962773181
5.699999809265137
4.389463393405131
48.401804688407346
77.39718025739666
56.20437956204379
187.9301541906996
0.7083333333333334
0.8836507936507937
0.16774446825091902

RAN
45.232824200715314
106.08409237890295
2.6807017953772294
5.699999809265137
4.6462951926276554
49.87911939334297
142.66243007808825
51.973684210526315
249.0786374144711
0.726027397260274
0.877989417989418
0.3149063850688594

RAN













RAN













RAN













RAN













RAN
33.70014983196423
62.82388718418846
1.959016426664884
4.699999809265137
4.259850046040482
37.95999987800475
217.36680793012127
23.46938775510204
226.8508608091861
0.71
0.8045068027210885
0.33644508763038533

RAN













RAN
43.03268084288313
207.27544041871752
2.4153846498005667
5.699999809265137
4.436460338467713
47.46914118135082
68.64942172998268
40.0
177.6305734785047
0.5760869565217391
0.8925132275132275
0.20205019475530714

RAN













RAN













RAN













RAN













RAN
41.326561036412066
93.60910149544229
2.456716465972253
5.699999809265137
4.571008199291771
45.897569235703855
170.0372068426094
42.95774647887324
303.0751164327879
0.8117283950617284
0.8893121693121694
0.3545486715127076

RAN
40.20113389067888
103.7778861130333
2.1983333762735127
4.699999809265137
4.516688470030011
44.71782236070888
143.1958912532827
50.0
237.46774091418402
0.708904109589041
0.8601058201058202
0.2020924263780673

RAN
43.1243772945822
70.30000095665456
2.4692307985745945
4.5
4.544988778734602
47.669366073316816
178.70159180951092
45.23809523809524
245.78664392776176
0.7862318840579711
0.8793650793650795
0.24234693729973228

RAN
44.326205004641956
161.6619200693226
2.541304404320924
5.400000095367432
4.451003837452383
48.77720884209435
87.83292763404336
45.3125
217.16515858423853
0.6892857142857143
0.8632539682539683
0.2589553615323117

RAN
41.675068771702634
117.8942431564115
2.1444444877130016
5.699999809265137
4.286972068718258
45.96204084042086
124.38295514823044
41.86046511627907
240.7141760495306
0.74
0.8243650793650794
0.20351126528532384

RAN
50.9850791308558
463.4231365303184
2.3837209829064303
5.400000095367432
4.373742347661128
55.35882147851696
30.5955994603182
57.59493670886076
206.96029904627244
0.7014925373134329
0.885
0.23126033647668456

RAN
56.05255992992424
426.79498893460914
2.2361702462460133
4.699999809265137
4.317966825190122
60.370526755114355
35.16087486822878
52.702702702702695
207.63187560254468
0.6821428571428572
0.8012169312169312
0.17717384391879237

RAN
38.39912445927048
103.16848347477224
2.1298245965388785
5.400000095367432
4.366034473226338
42.7651589324968
123.91714979992896
37.5
175.63585633971616
0.6307692307692307
0.923327664399093
0.18594205878082046

RAN
34.21600058838221
76.13123620225184
2.1727272922342475
5.400000095367432
4.221616908639854
38.4376174970221
160.1003234430649
39.285714285714285
240.9272597791439
0.8272058823529411
0.7650793650793652
0.1740263037226749

RAN













RAN
35.1760098582471
61.343728982285015
2.387500044756702
5.699999809265137
4.544452737011442
39.72046259525853
211.7126992700357
33.0188679245283
255.43188457127383
0.795774647887324
0.8710317460317459
0.22711826210268712

RAN
38.64082216156561
146.20439457912147
2.5516129632390316
5.400000095367432
4.659596929611021
43.30041909117665
106.53649421968949
45.11278195488722
273.40127967337565
0.797945205479452
0.9153968253968255
0.2544740935548069

RAN













RAN
46.02406643193942
400.0567683548352
2.323214305298669
5.699999809265137
4.395218882480043
50.419285314419454
39.02961674898976
59.44444444444444
232.9928184681819
0.726027397260274
0.8757575757575757
0.28672522238218456

TBF
28.172290533404297
49.91221040538441
0.93692309569854
2.200000047683716
3.6082899657227463
31.780580499127073
240.38181970366878
27.522935779816514
211.16696136625313
0.740506329113924
0.7366666666666666
0.35628488169673

TBF
27.83485400496533
44.512264089700174
1.159090926532041
2.5
3.6387931837482688
31.4736471887136
241.75578076566796
4.10958904109589
157.3011523338005
0.6178571428571429
0.8030952380952381
0.29710767996231463

TBF
32.64600128055723
59.34465090893074
1.0656716614516812
2.5
3.643452503516714
36.28945378407394
226.39420283307155
29.166666666666668
227.21082172316687
0.7323529411764705
0.8106349206349207
0.3366914707642415

TBF
30.937024025116287
57.54243027112689
0.9253012224672789
2.299999952316284
3.6313555110142186
34.568379536130486
228.33446682703843
33.587786259541986
242.58393028130848
0.7672413793103449
0.7967989417989418
0.4326182997882933

TBF













TBF
28.862555030829856
56.69417132069509
1.0509091104973447
2.5
3.626926999297806
32.48948203012768
195.86826123090472
8.433734939759036
175.54973740160028
0.6381578947368421
0.8691005291005293
0.34197403003323074

TBF
23.942097595418414
45.19658925263447
1.0142857362117086
1.100000023841858
3.501815054010645
27.443912649429077
173.22705483352897
11.475409836065573
127.40925126144096
0.6666666666666666
0.8555555555555555
0.4350058287102609

TBF
28.953617812214535
69.63999775198269
0.8962500185705722
2.5
3.590168311693128
32.54378612390765
210.68608778376526
27.480916030534353
264.8552343009775
0.7736842105263158
0.778068783068783
0.418761227666783

TBF
25.05634864504779
44.11582448664077
1.0782608867663404
2.0999999046325684
3.569407780504708
28.625756425552495
222.6077218588757
1.4492753623188406
133.4076630411423
0.5477941176470589
0.7911111111111111
0.3364299345686487

TBF
31.10548969697197
49.368855743841706
0.9051724303642223
2.299999952316284
3.5675053968469776
34.672995093818926
226.01524624139986
17.97752808988764
179.19147900379747
0.6815068493150684
0.7320851370851371
0.3475182980993264

TBF
31.71804715757777
66.19999561309815
1.1285714500450663
2.299999952316284
3.635261071104585
35.353308228682344
160.56481123150903
35.77981651376147
171.94230152514785
0.675
0.8173809523809522
0.4094458419013917

TBF
31.178107414074173
62.13462676357037
1.1684931752412286
2.200000047683716
3.7478375344930956
34.92594494856725
217.13125209241522
31.2
232.98477497065255
0.7209302325581395
0.8012602212602213
0.42170228086086603

TBF
25.740634580205064
51.04030486540881
0.8983333505690098
2.299999952316284
3.5944650112442393
29.335099591449307
218.52223737255133
20.212765957446805
202.47784109271544
0.75
0.7907936507936507
0.36852829014500815

TBF
22.785912995802448
44.11216988702991
1.0615384830878332
2.5
3.5251946018684857
26.311107597670947
204.22924912779894
2.9850746268656714
133.8373634751628
0.5807692307692308
0.7804761904761904
0.2873333289873859

TBF
30.352632751422995
54.633837558216584
0.9338709889881073
2.200000047683716
3.57778969605064
33.930422447473624
182.5356062170693
29.896907216494846
180.69667781200548
0.7389705882352942
0.7965079365079365
0.317322334371413

TBF
27.53417163659345
54.99999904632569
1.0045454749329523
2.5
3.660631752609373
31.194803389202814
208.00787583591392
30.555555555555557
186.07099329481417
0.6733333333333333
0.7512698412698412
0.35440076534451864

TBF
23.701420397839374
40.86851744186695
1.1000000172576239
2.0999999046325684
3.6021919313218267
27.303612329161204
253.64108275007473
1.4925373134328357
134.84036209050407
0.5643939393939394
0.7814285714285715
0.30992138121437357

TBF
29.003365810059222
46.86057430453139
1.079629646131286
2.299999952316284
3.63936509610765
32.6427309061669
254.03888013235152
22.0
203.45006992375838
0.7147435897435898
0.7863443963443963
0.34208147582967074

TBF













TBF
24.410525651959595
42.332110098716655
1.0846153994401295
2.5
3.612638141124485
28.02316379308409
242.87016939048053
4.411764705882353
132.47410280725012
0.5692307692307692
0.7453968253968254
0.23012616118949583

TBF
25.524597280927587
49.91251935836767
1.0949152709316399
3.1999998092651367
3.6221120587478874
29.146709339675475
239.1043437109189
20.588235294117645
208.80360248410798
0.7129629629629629
0.8444949494949494
0.3031815184789062

TBF
24.646631706635787
46.25908514332574
1.036734716928735
2.5
3.581378309027551
28.228010015663326
221.2483281020091
14.285714285714285
180.66509580341526
0.6979166666666666
0.7806349206349208
0.2491172917918256

TBF
26.800604000003514
41.87037980975507
0.9934782811804957
2.5
3.595343330044535
30.395947330048028
223.2095261861231
7.246376811594203
122.62631114277657
0.53125
0.8037301587301585
0.24795948736567563

TBF
28.094005412929715
45.766074299155555
1.1661538675427436
2.5
3.6835538008455324
31.77755921377522
269.5789911134083
25.233644859813083
197.61896295686097
0.665625
0.7844444444444444
0.25303518593424906

TBF
24.271368691423287
44.65119473643846
1.1720000292360782
3.3000001907348633
3.6111961279230975
27.882564819346392
227.06946387326587
28.421052631578945
157.402548763993
0.625
0.7116666666666666
0.2686277680155333

TBF
32.5395559632271
58.25336434028773
1.0260274166317835
2.5
3.621735133412369
36.161291096639516
224.14283737831374
33.83458646616541
227.411327754297
0.71875
0.750899470899471
0.326421117359076

TBF













TBF
37.00160696743816
66.2238895117309
1.1957143041704381
3.5999999046325684
3.8487339104522444
40.85034087789041
206.08659994524274
57.6530612244898
265.08666027376563
0.8192771084337349
0.7803378103378105
0.33846485011385846

TBF
27.36579779649714
51.18445764026436
0.9947368598690158
2.200000047683716
3.513643410933599
30.879441207430773
176.44927425378694
10.294117647058822
107.5896705881063
0.4918032786885246
0.7385714285714285
0.22376330687626367

TBF
22.64975285205787
39.13483690369642
0.9750000092511376
2.0999999046325684
3.441140020802693
26.09089287286056
207.4650723082112
3.7735849056603774
85.43424669022839
0.4852941176470588
0.6877777777777777
0.19320844790782415

